21912089
7265761724
2104793864
21912095
7265762803
21912099
3419930599
3419930601
21918612
1868736741
25177418
4939779386
25177397
1074585009
25201041
1696714131
6438154284
25201047
280483717
280484776
7932125562
25182815
280484289
4938436902
1079045416
25193709
6522289648
25194146
252362324
25194196
25181935
7787103278
2737814240
96050956
280487341
25182446
25182457
25181793
4547239706
1074584836
256411950
25181806
25191634
25191336
25191287
1079045385
25191904
1573123086
25191502
1737389117
477618046
25192216
25194260
8047787767
252362639
4058432473
4058432482
1690130866
1738360319
6444966511
25193390
1918966551
1079045459
4940692951
1074584672
25177819
25204258
25204279
4939779385
1868723951
1868723942
1868723914
6850933458
1878539803
21918450
1720684257
21912962
25197962
25198656
25198559
25238728
25238712
1870233795
25197985
2422123078
1736929660
1720683731
25239325
7271008819
25239343
25239346
25239389
21913117
1204288436
25192169
25192010
25238111
25204264
1699777574
1736929703
25239173
1720684307
21914666
1868723952
21917445
272637723
272637784
25242845
1204288391
21914841
1079751501
1685062049
1685062094
21928938
3465728145
5895918143
21928964
21930579
21927758
3465728156
1352289853
1868736651
1417930881
1868736765
1864130081
1864130082
5898780721
1871563580
21921299
1868723946
25185803
25185945
25185541
25185452
3419957918
25185552
25185687
25185779
1204288499
25243242
25212913
25212925
7841390770
21918329
21918402
25243371
25243374
25243377
764646114
1880126683
967714534
25243378
1868723954
1736929676
25191847
25192466
1079750802
25239169
7947267882
1079750833
1079751270
25242953
1685146306
25186110
1878844644
6696346967
25194134
25194120
263074910
263075529
25194413
1204288467
25195517
8047787774
25194304
252419005
4937556542
1866422978
252417946
267985082
273244852
272952686
267985348
1685062028
272955218
1685132471
273245508
273245506
25212882
268121652
268121651
7841433997
25186194
268125179
268167599
21914340
21914341
1738369869
25239159
5601806444
2422123080
273245503
273245999
5466881416
273246211
273246212
273246269
1737114566
1685061923
21914809
1737114876
267898164
967717045
272953379
280484772
280487334
280487420
257076297
280703047
2241375220
1737389138
357300400
1737389140
25191725
1629847003
357299793
357299796
258068679
386099788
3365391459
3365391460
21913657
1110560521
1110560516
1736937730
7526620529
273246214
280703037
280703044
456295826
25216569
258072009
4438769955
258071979
258071984
1079045413
25177834
6482583618
6482583615
25177478
519324200
1738390439
519324202
519324206
4939084245
4226573530
1079750504
1079751204
1079751542
25242946
21919093
6743193962
6743181535
7281483692
7281483696
1079750382
267985353
477617968
764646132
764646122
25198803
25210837
280703049
819783222
819783238
3415933607
819783234
819783257
440135635
257158605
252421665
1204288498
826169002
25198791
826809711
25199254
252387605
25197686
25197990
1079750543
1690130877
25193377
25211283
384587197
1738390434
917978752
1079750499
1079751389
7788174966
7788174974
3266162060
1690130874
7932373275
917978764
25191463
25197679
1079750450
25191448
7799231114
25191440
25216571
1869953312
967714525
1685132541
1690205057
988680194
3460479143
7779023380
1074584878
7781960117
25177282
5918147594
25177285
25177297
25177333
25177341
1074584775
1074584737
4939779399
1074584798
4938342152
254516782
7781127884
1074584863
1074584736
1074584689
1074585030
1074584647
252416725
1074584986
25191715
1737389135
252358386
1074584684
2626888293
252356770
263077156
1074584790
1870658497
1871597012
1079045455
6482464711
1690213031
25191243
4940692947
4940692949
1079045346
1204288481
1878359520
4940452728
3420017414
21919238
1079751567
1079750130
1079750775
1079751174
1079750946
1726583917
252387589
1079750403
1079750773
1079751263
1079750251
1079750865
1079750942
1079750594
1079750202
1079751325
2422123083
1737366151
1737389192
1074585010
1079750483
1079751575
1079751658
642353788
1079750690
1079751330
6008635241
1204288416
1079750341
25239182
1737272391
5504165634
21919006
2399195749
1079751429
21928953
21930608
1080509837
1080509803
1079750471
3465728146
1095425875
1095425781
252419723
257156314
25210887
25210895
1096593805
25210891
1096590186
1835348082
1096586801
1096587867
1704462737
1097220232
1097219387
5046302765
1097219974
1097219238
1097219988
1097220343
263077003
1110560517
7265830653
1737366262
25181852
1209339913
25211178
25211212
1347117271
1347551340
1876844584
257076292
25202553
1352205619
1359158844
1870233744
1417930886
1417930922
1417930902
21923561
3465745145
1417930896
1690189876
1265685487
1573112246
1573115356
1629860459
1629860463
6434282865
1639786345
1868015920
1639786322
1639786348
1868015908
6454011643
1870354490
2399195735
4437858221
1868015896
1868021680
1690213037
1690213036
1690213029
1639786224
1639786306
3300455223
3242610063
252362112
1784106954
6506285019
6846911431
25200453
257076284
1780610252
1800727974
3300455690
252362088
3647254920
252362086
252362085
1684697685
1684697657
1684697649
1684697679
1684697671
265023349
7271008785
1684697701
1684697664
1684697627
1684697724
1684697693
1684697734
1737147164
1737147102
25240095
1684697708
1684697654
1684697669
4417553808
1685062069
5601785139
1685061918
1685061915
1736938093
1736938086
1685062082
1685062072
6743255955
1079750840
1736937765
1685062007
1685062030
1685061921
1737114306
1685062035
1699777673
4317060332
7271070321
7271070325
7271070326
7270994180
7270994178
7270994181
7265762786
7265762787
6374644686
1699777588
5603791857
1079751085
1079751172
1685108373
1685108369
1685108348
1685108358
1685108397
7779120617
1685108394
1685108392
1685108389
1685108365
1685108329
1685061969
1685061945
1685132505
273245504
1736937894
1878520720
1878520680
1685132543
1878520761
1685132553
1685132557
1685061948
1685061972
1685146302
1204288464
1685146308
1685146315
1690130857
5601806423
7271008794
1690130886
1690189843
1690189846
1690189850
1690189844
1690189838
1690189842
1690189841
1690189871
1880122261
1880122255
7002639149
1696727901
1690189868
6152414410
6152414413
258072562
1690205046
258072012
4937556521
1868015871
1690213019
1690213035
1690213030
1690213028
1204303507
1690213024
1681932258
1696644272
1696644269
1696644183
3419584652
1696644276
1696644284
1696644348
1696644216
25201044
1696714135
1696714147
1696714150
1696714114
1696714052
252474584
1699777780
21917586
1079750859
6152414422
21911886
5601806432
1789813053
1204288501
7841390730
252418107
3460506730
3460506736
1204288486
2104788829
5603791860
1699777500
4317085744
7265868721
1699777490
6374644687
1737366266
252458631
8258594212
3414792354
3414792355
252458680
1204288348
252458682
4317081672
3013026461
25240090
21915639
25197470
1699777425
252474750
6759087312
1699777801
1699777828
4317081676
6152414420
252474589
3414759848
1699777766
265023084
1699777652
4325939576
25239305
5601828686
265023115
1699777750
265023121
1736937729
1699777803
267985520
1699777802
3414773284
265023123
1699777667
1702432021
1702432008
25191432
1031563268
6456373620
1702431994
1702432056
6848754636
2109571494
1869347198
25177449
25177469
7781959778
2671854123
25177737
25177730
8356735872
263078048
252417125
25177718
2825675752
1704201261
2825675776
2825675780
1704201310
1704462806
1866905925
1704462684
252470578
5504778596
8356754264
1074584584
3123164985
1074584633
25177245
1074584845
1204303526
25177400
4452216619
1204303557
1869239786
2225788744
2825675737
3068739808
1704462439
254470730
1704462429
4938436904
1868008127
1869239782
4452216617
2270588142
25177472
1704462994
25183872
1704462602
1704462781
7781182034
1204303577
1704462640
1704462966
7781959755
1875160737
1704462474
2050500634
1704462505
7781960108
4938342143
263076994
1704462546
1704462463
7340445011
1074584559
3068738376
263077235
263077236
7781127883
4452216581
263077158
263077159
1875143980
1875143981
1875143994
1074584888
7791036014
263078047
1876463396
1875157951
4452216569
1712696839
8047787744
25182046
1712696759
25195725
6506285018
6847756091
25195773
257156319
6510744219
25195644
25193806
2399199060
25193892
25193925
4058432472
251721708
826168640
25195655
25195716
1868404475
7779331758
25194068
1204288398
25193350
8047787772
8047787769
7779331755
25194104
25193802
25193804
6522289643
252419113
1712696818
4058432481
25194138
25193813
4058432486
252473576
252474041
3365391468
263075802
1712736190
1712736185
1712736195
1712736166
1878520934
1878520892
1281083265
1878520823
1878520768
1878520751
1713019839
3538613945
263086794
263088684
1712736170
1281083157
1712736231
1871546754
1871546747
1712736106
1204288337
1079751081
1871527971
1871546757
1871546768
1871527990
25242954
4317155594
1720683794
6696346980
1736929822
1736929909
273245248
1736930368
1737114704
1737114805
1737114711
1736930370
1737114797
1737114874
1684697721
1737114453
25239177
5601785143
1737114355
1737114389
1737114707
1737114770
1737114617
1737114879
1737147169
1737147155
1737147130
1737147156
1737147129
7559235215
1737147109
1737114882
1737147316
1737147295
1737147020
7568749016
1204288376
917978754
1737272386
1737272398
1737272395
1737272413
1737272410
1737326302
1737326299
1737326289
1737326286
8185688358
5601806401
1737326240
1737366181
1737366173
7841214129
7841214149
5601806441
5601806422
1720684254
1737326277
1737326246
1737326604
1737326577
1737326530
1737326533
1737326320
25193217
6696347885
918118157
1737366209
1737366265
1737366264
1737366159
1737389180
917957146
1738395715
1738395718
1738360276
1738390437
1738390452
1738360131
1738360264
1738360272
5601806419
4326086615
6696346968
252377857
1738369861
1738369857
1738369860
1738369871
6696346984
1738369858
5601806443
1726583852
1738369866
1738369859
1738369856
21914339
8408631429
1204288475
25193333
1204288453
1868404463
1737366268
7265825733
1737147192
7271099528
1737147190
1737147185
1737114887
1738379163
25181876
519325362
519325363
1738369855
1204288371
2399195743
1738390461
1204288311
1738395728
25191668
1738395721
1738395720
25191641
1738395716
5504124780
1738399806
1738399817
1759785749
1738415124
384593962
384593958
1738415146
1878520658
384587205
5370160874
1759785725
25181845
1079750237
1868334347
1868334390
1868334413
252539039
1868334380
4547239710
1868334372
252539040
4547239728
4336802075
5370160877
7779252654
1738415138
25194212
1759785785
25216769
25194143
3883559329
6848669736
3416090606
3416090602
1759785835
918052375
6845638319
1761115482
3013026460
21917628
4970587876
1759785856
1789813054
3460479138
7841390760
280487754
7787103275
8403471415
2737814233
1800775440
7788214972
1079750255
7787103253
7787103261
25193617
1800775442
25193663
4938969819
1868723931
1770577842
258071990
6845638316
5113902830
1696714161
1868723949
3460479142
3428372242
3428369965
2399195745
3365391454
4939779323
4437805993
1204303579
25177185
8356735869
1704201226
1778433989
4939779360
25177415
7927855796
1204303531
7927855791
3548010936
1204303573
2104729494
1872567066
1868404468
1074584855
4937466454
1876837916
3428369966
3432096936
25198766
1868767791
1869239792
1868767786
821248627
1930502733
2825675783
7799519368
7799519365
1736930312
1872542054
1737366176
1720683938
1737366192
1737366182
6363741444
6363741437
25216579
1031563216
1784106819
1784106800
1031563511
1031563205
1784106803
1784106799
252539555
1784106984
1784107000
1784106807
1784106810
1784106878
1784106966
1204288454
1784897056
25204838
1790048385
25177427
25181814
6445480163
25181829
96050954
96050950
252471184
25183063
5598344650
5586531255
5586531256
5598344649
5598344648
5598344647
25177378
5598344646
5598344645
5598344644
5598344642
5598344643
1074584658
25177351
1868334418
1868334330
25194165
7797546922
1790048572
1870384827
7797546923
4581460523
4581460522
1868334378
1790048504
1790048628
519324209
7932373269
1868015861
1790048638
1868752079
1868752101
252417634
252418178
7340423425
7781181993
6485592104
1702431980
1702432000
1031563288
1031563426
6445221064
1031563149
1712696755
6458511945
7788219293
1702432065
1800775444
4940692924
1784107006
1879913918
3426008762
1573112234
3428381751
1870233761
6510744215
386099781
456208114
1079045383
8047801186
1864130088
1866423016
3883559103
1870381973
1866905930
1704462697
1866914366
1866914315
1866914316
1866914348
1704462642
25177986
4939779371
1639786315
1868015870
6363741417
1868015919
1868334398
1759785737
3883559314
1870233759
1760231770
3414759851
3414735774
268123963
1868736570
1204288441
3419670594
1726583848
267985519
1868752073
1868752086
3883559323
1868752067
1868752063
1868752089
3414826896
3414792357
3414735776
1868754496
1868767795
1868767801
1868767812
251721710
251737276
251737277
443322734
1074584608
1875160742
4452216600
1866510534
1869347245
3883559283
251721438
1869953307
7271008809
1110560542
2225778239
1870233792
1930559076
1870233788
1870233780
1704462556
8356735868
4011267551
1870658475
6850889195
937988403
7839376725
1079751350
1871546891
25242948
25239167
1871546762
642353783
1871595254
1871595255
1871595215
1871595247
1871597015
1871618752
1871621354
1871621743
1871657006
1871657000
7841213526
1872310864
1074584632
4226573514
3419672762
6510744222
4940452746
4940452748
1872542059
1872542055
1872542716
1872542728
1872567063
1872567543
1872889461
1872892538
1869347242
3883559267
252470574
252470576
252470577
7781127876
1875143976
1875143972
1875148200
1875148186
1875148225
1875148204
1875157942
1875157911
1875157905
3013026022
1875157903
1875157904
1704462969
1875160748
5586531262
4452216561
2241362156
1876463369
1704462732
1876823460
1876837909
1876837941
1876837914
1876842933
1876870195
1876870189
7265761782
1685108096
7265761780
25239250
1876665260
1876870084
4317071440
6340759098
1878520834
1878520824
1878520925
1878520958
1878520841
1878520843
1878520729
1878520771
1878520628
6510744228
1878520774
252476292
1878520769
1878520653
1878520914
1878539785
1347117287
1347117299
1879687757
1879687763
1879687797
1880126682
1880126681
7841390733
1880130277
21919273
1880130278
6506285011
3432096935
3432096932
3883559153
3419409376
6506285009
252539557
7788176346
1702432018
25177743
2273257178
7788214975
7788219302
7788219292
4029620789
1930559069
6509083175
1204288359
2750638804
1736930364
2104768962
25239397
4317085743
5603791865
2104789859
25185858
4939772119
6482567699
25177167
2109529537
1872357124
4940249426
6506078762
4937466461
252356751
3646650958
252358384
252356760
4939122077
1869347215
2264703489
2137099319
2137099323
2350613191
1869953289
1869953296
1869953323
1869953327
2229413963
2225778243
2225788749
2225788736
2225788751
2225788747
2225788730
2750638811
1704462636
7781182039
7781182023
1074584679
4452216557
25177177
6482565681
25191729
5603791855
5596346596
4472516571
2296577187
4937755916
4937755899
2225788724
4937756537
2422123076
3428486213
6847727077
3428486212
6865960164
3428473184
3460506735
1074584650
2605737735
2605737736
2605737737
2605737738
2605737739
2605737741
2605737743
5504668074
2605737753
2605737754
2605737752
4581453005
2605737756
2605737746
2605737757
2605737762
2605737747
2605737759
2605737761
1784106839
6509083173
2605743931
2605744128
1875148246
7781960102
25345339
1704201191
2626888278
4939779324
2737814229
2737814242
7787103271
7787103283
7787116285
2737814243
7787116319
2737814238
2825675756
2825675826
3013026440
2825675821
4939779372
4939779374
2825675805
2825675812
1704201254
4937756556
2825675741
268125184
2993580024
3013026019
8356735880
7796549687
7265761736
3242610064
6459886709
1352205622
3242610078
6482567751
3266162262
3266162265
1872310857
3266162280
3297635910
3297635908
6438987626
2341649642
5596424437
5779148120
3428474008
6363741440
6458624512
1690189816
3414735775
3414759847
3414792356
3414826895
6759087296
3625063391
3419672768
6510744227
1784107002
3428480982
3426008764
3428339177
3428473191
6865960191
3428473995
3428473188
1870233740
6865960175
6865960172
3428473997
6865960167
3428474001
3432096944
7841390749
7841390758
3460506726
3460506725
3460512999
3460512996
3460511790
3460511791
1871528013
3465728130
3465728144
3465745133
3538613930
3538613906
3538613899
3538613900
3538613933
6696346981
4452216627
4452216622
3548010932
7927855786
3548010934
7781960201
21927897
21930550
3646650938
1868736697
3616087770
5918361245
1422702203
7278611370
6481411785
4453063928
3646650957
3646650948
3647261670
25202530
3789557771
3789557768
3949642984
3949642994
3949642996
3949643003
3949643004
6459866675
3949643007
6459866656
3949643009
6459866682
3949643030
3949643037
3949643038
1866510556
4029620781
4029620777
4029620778
4058432483
4058432478
1784106830
4100895547
6445217040
4100895549
4226573506
4226573502
4226573525
1204288473
4940692954
1866510573
4318027899
4317060317
4317060316
4317060321
4318027900
7265566944
7527914281
4317081674
4472516569
1685108083
272637895
6501789824
25201018
4336802077
4336802072
4336802068
4354463691
4581460524
4354463693
4354463694
5596424439
4417553809
1204288316
6482583607
6482567750
2825675765
6696346983
1737389184
5606923198
8356735862
4452216560
7781959758
7781182024
4452216575
4452216587
4452216591
4452216597
7791036018
4452216621
4452216629
4452216630
7781960202
4452216624
4452216623
7781959748
4452216614
4452216611
4452216610
4452216608
4452216616
8356735856
4452216526
4453063924
7779486342
6865960184
6865960180
5596346604
6951209846
8566133867
2264703486
1629860486
4547239709
256411951
4547239719
2825675748
2273257179
25177422
1868767862
1868723938
1712696757
25182432
3883559102
273247027
1074584680
2225778261
4937756535
1079750985
1737389160
7779334510
4937755874
4937755861
2466427832
25182101
4937755869
6458703347
8047787752
8047787749
4937755866
8047787750
4937755873
4937756530
7810596902
7810596905
2225788686
2225788683
4937756542
4938342178
4938436903
6482567768
1736937910
1204288318
7799519360
1875160729
5586531261
7781960093
7781960097
4939779423
5918147589
4939779404
4939779402
4939779409
4939779408
4939779407
4939779406
4939779410
4939779416
4939779419
5918147665
4939779424
5918147599
4940249420
4940452729
1079750314
1872357142
6458602911
1784106916
1784106917
2104842206
8047801201
3883559105
1097219742
1097219380
5046302785
5046302791
5046302792
5046302782
3416090600
5370160873
5370160878
8566133866
8566133862
8566133858
5596346603
1780610248
5601785144
1737114336
1685061938
2399195748
1737366197
5601806424
5601806433
5601806434
5601806440
5601806445
5603791861
5603791862
5603791870
5606923195
5606923197
5895918144
5895918147
7781960113
5918147585
5918147587
5918147593
5918147597
5918147661
5918361251
5918361253
7791022984
5918361257
5918361265
5918361267
7781182012
5918361273
7781182004
5918361275
7781182007
5918361278
5918361276
5931464899
5931464898
6232893203
6458624524
6363741432
6458703355
6458624517
7265762799
7265761719
263077303
6434049269
6434049255
6434050195
1696714081
6434049272
6473583403
6434049280
6459919973
6434050200
6434050202
6434282864
6434282866
6434282867
6434282879
6434282880
6438155385
6438155442
6438155443
6438155448
6438155450
6438155507
6438155483
6438160229
6438155484
6438155489
6438155495
6438155506
6438160232
6438160235
6438155513
6438163677
6438631155
6438631157
6438987628
6438987653
1690189837
6445217043
6445220993
1784106797
6445221004
6445221017
6445221019
6445221013
1204288346
6445221043
6445221042
6445221011
6445480158
6445480174
6445480180
6445480169
6445480170
1784106831
6445480818
6445714059
6453128373
6453128380
6453128383
6453128487
918052367
7788176347
6456373640
4937466478
6456543858
6458511946
6458511947
6458511951
8047787755
8047801194
8047801196
6536646388
6482464708
6482464690
6482462883
6482464698
6458602924
6458624521
6458703348
6459611825
6459611824
6459611864
25202540
25202544
6459611828
6459611837
6459611839
6459611865
6459866591
6459866613
6459866616
6459866638
6459867391
6459886710
6473595335
6459919977
6459919983
6459919981
6459919982
6459920387
6459920388
6473583441
6473583436
6471920408
6471944342
6473583408
6473583399
6473583407
6434050192
6473583432
6473583434
6473583443
6473595338
6474611435
3362314492
8047801185
6474714942
6474714941
6474714953
6474714954
6480060599
6480060603
6480060600
6480060602
6458703345
6458602910
2605743788
6481411804
6481409071
6481409075
6481409073
6481409077
6481411786
6481409079
6481409078
6481409081
6481409080
6481409084
6481409083
6481409082
6481411787
6481409935
6481409933
6481409953
6481409937
6481409068
6481409939
6481409940
6481409936
6481409938
6481409943
6481409944
6481411563
6481409950
6481411565
6481409951
6481411556
6481411553
6481411560
6481411557
6481411795
6481411567
6481411564
6481411789
6481411794
6481411793
6481411796
6481411798
6481411805
6481411801
6481409954
6482464701
6482464710
6482464702
6482462879
6482464686
6482464685
6482464688
6482464692
6482464693
6482464697
6482464695
6482464696
6482462871
6482464706
6482464709
6482565674
6482565680
6482567686
6482567688
6482567692
6482567695
6482567697
6482567702
6482567705
6482567703
6482567749
6482567748
6482567767
6482567764
2825675813
6459866643
6846911427
6846911429
6510744214
8047787762
8047787763
6510744225
6696346971
6743255954
6759087298
6759087310
6759087311
6759087314
6848754642
7788176286
7788176295
7788176318
6850933462
6851075224
6865960194
7002639151
7265761718
7265761735
7270994182
7265762797
7265830655
7270994177
1684697691
7271099529
7271099539
3616087765
25212839
25212849
258071985
7368501816
7518464748
7518464752
7527914262
7527914264
7527922886
8258594198
7527914284
7841157429
7527914274
7568749019
7559216687
1685108044
7568749027
7568749017
1737147107
7568749020
7779120618
7778348382
7778328457
8356735876
8356735859
7781182021
7781182018
7781182020
7781182022
7781182027
7781182028
7781182038
7781182032
7781182036
7781959746
7781959749
7781959753
7781959754
1704462964
7781959760
7781959779
7781959776
7781959777
7781959780
7781959783
7781960087
7781960095
1204303561
263077155
7781960109
7781960110
7781960112
7781960118
7781960119
7781960120
7781960121
7781960194
7781960130
7781960179
7781960181
7781960183
7781960185
7781960186
7781960131
7781960143
7781960141
7781960140
7781960142
7781960212
7781960144
7781960154
7781960155
7781960184
7781960182
7781960156
7781960180
7781960177
7781960175
7781960173
7781960172
7781960170
7781960163
7781960164
7781960168
7781960167
7781960169
7781960178
7781960187
7781960189
7781960198
7781960203
7781960204
7781962063
7781962064
7781962065
3411731854
7787103257
7787103260
7787103265
2737814248
7787116304
7787116297
7787116305
2737814239
7787116318
7787116323
7787116322
7787103277
2737814231
7787116295
7787116294
7787116296
7787116306
7787116307
7788174973
7788174978
7788174979
7788176290
7788176292
7788176321
7788176304
7788176329
7788176339
7788176342
7788176352
7788214974
7788219286
7788219300
7788219301
7788219303
7788219304
5918361255
7791036015
7791036022
3068739807
7797546921
7797546924
7799519356
7799519355
7799519357
7799519359
7799519369
7799519361
7799519364
7799519366
7799519367
7837873573
7839376722
7841214123
7841214134
7841214146
7841214147
7841214137
7841214136
7841214139
7841214145
7841214150
7841214151
7841214153
7841213525
7841213530
7841390731
7841390736
7841390741
7841390761
7841390742
7841390759
7841390745
7841390748
7841433993
7842818337
1875143998
263077002
7781960107
7927855790
7927855789
7927855795
7927855794
4937556416
1097219303
8485849840
8485849849
1868015867
6482464712
7927955219
7927955223
7927955238
1685061983
8408663240
8408663235
1759785727
1800775437
1737389190
1738390438
1685062084
7947267873
8047787751
8047787754
25216765
8047787770
8047787773
8047787775
8047787771
8047787784
8047801187
8047801189
6458602912
8047801193
8047801195
8185688359
8258594205
8258594206
8258594207
8258594208
8258594210
8258594211
8258594213
8258594214
8258594215
8356674228
8356754263
8356754267
8356735855
8356754265
8356754266
8356735858
8356735867
3883559104
8408631426
8408663217
8408663218
8408663229
6510744220
8485849842
8485849843
8543729397
8543729398
8566133855
8566133859
8566133854
8566133871
8566133875
8566133869
8566133874
8566133876
