9.243
32.18
5.831
9.243
4.755
13.432
42.866
13.432
5.339
28.772000000000006
5.339
65.401
32.598
14.409
24.825
9.93
92.42699999999999
65.401
2.368
277.631
32.158
3.102
2.368
56.735
3.102
51.33
141.45900000000003
11.404
51.33
10.117
17.65
20.829
20.578
13.391
2.095
4.099
20.829
11.146
13.391
12.179
18.384999999999998
26.32
74.31899999999999
134.81799999999998
15.89
14.676
66.045
9.231
34.536
14.676
17.707
23.355
14.814
34.536
7.122
152.798
23.355
49.418
31.445999999999998
102.174
96.289
49.418000000000006
18.695
17.964
96.289
26.353
18.07
33.028
12.718
33.832
18.07
102.17400000000002
4.86
8.757
28.341
8.757
20.016
5.5440000000000005
92.602
42.689
20.542
5.5440000000000005
80.13900000000001
29.894
37.9
42.68899999999999
17.667
29.894
27.682
94.827
17.667
14.607
66.071
45.084
5.581
8.537
66.071
4.389
8.537
4.042
50.858
44.016999999999996
22.048
11.174
36.555
33.028
22.048
21.376
14.51
15.499999999999998
42.568
40.239
15.5
15.854
20.638
36.679
17.161
14.384
36.678999999999995
32.728
14.384
47.415
27.924
16.696
7.912000000000001
47.41499999999999
16.696
13.210999999999999
9.085
61.518
15.119
9.592
7.744
4.34
85.75
4.05
9.592
7.388
44.759
85.75
4.27
26.026
4.208
44.759
140.206
5.546
26.226
21.092
24.466
11.735000000000001
26.226
16.216
7.117
65.456
248.654
4.86
15.599
58.084
18.403
4.047
15.599
60.502
134.818
5.742
9.851
28.803
80.409
5.742
14.452
28.554000000000002
14.607
24.57
80.409
13.941
42.533
45.614999999999995
14.957
13.941
13.977
32.503
113.789
32.919000000000004
16.706000000000003
32.503
14.301
27.736
43.192
26.072
21.833
43.192
35.448
35.499
11.164000000000001
14.783
4.668
35.499
43.595
7.628
5.141
13.758
43.595
91.56899999999999
25.511999999999997
15.194999999999999
43.649
17.092000000000002
18.384999999999998
22.409
12.171
22.408999999999995
7.489000000000001
12.179
21.527
12.171
4.099
3.678
20.578
21.527
12.348
277.631
24.879
6.25
12.348
28.549
6.25
18.967
57.534000000000006
60.980999999999995
87.961
18.967
14.153
60.980999999999995
19.503
11.693
14.153
129.19700000000003
32.537
117.79200000000002
6.029999999999999
6.753
32.537
6.863
105.83800000000002
96.685
109.784
71.654
63.728
88.208
74.574
139.392
17.485
88.208
80.01299999999999
20.161
17.485
71.654
27.985999999999997
21.801000000000002
27.985999999999997
63.727999999999994
12.325
21.801000000000002
25.054000000000002
34.358000000000004
12.325
96.68499999999999
56.097
15.393999999999998
6.603000000000001
3.393
53.797
56.096999999999994
5.657
78.25200000000001
53.797
4.715
106.433
88.37899999999999
14.159
106.433
20.729
14.159
59.102999999999994
15.905
88.379
59.102999999999994
90.444
17.599
19.253
24.825
6.231999999999999
26.092000000000002
23.644
16.845
10.939
59.364000000000004
9.181000000000001
6.231999999999999
18.708
18.893
13.068
51.092
15.938
18.708
10.833
8.933
11.86
12.897
14.103000000000002
21.907
5.792
7.489000000000001
14.103000000000002
22.434
12.35
26.092000000000002
28.457
22.434
26.134
19.641
8.481
70.771
9.203
6.59
5.972
26.285
70.771
6.562
22.305000000000003
26.284999999999997
125.608
5.654999999999999
12.574
4.266
133.963
125.608
30.977
4.266
25.744
18.591
4.181
4.509
30.977
17.242
4.293
4.181
21.732
15.247
5.888
22.113
21.732
15.247
18.798000000000002
14.846
7.818
11.284
8.861
11.583
7.818
3.67
52.779
47.218
71.84899999999999
52.779
10.031
10.579
54.83
23.117
2.497
7.644
151.857
10.579
2.752
20.222
151.857
15.165
26.499
10.925
21.909000000000002
14.19
91.268
39.721
91.268
123.959
108.816
562.7639999999999
62.791999999999994
123.959
85.568
138.913
12.477
10.998999999999999
10.61
247.098
138.91299999999998
29.997
10.116999999999999
12.477
71.19900000000001
29.997
28.544999999999998
77.38
71.199
35.522000000000006
25.074000000000005
32.158
77.38
45.0
38.815
25.074000000000005
338.442
20.911
44.99999999999999
48.692000000000014
338.442
3.501
19.645999999999997
49.382999999999996
45.675
19.646
118.005
11.092
45.675
124.43799999999999
9.997
118.005
124.438
9.997
38.815
20.911
11.092
98.264
67.283
80.202
9.882000000000001
16.166
2.27
39.855999999999995
80.202
3.501
39.855999999999995
39.540000000000006
5.274
55.545
59.64399999999999
50.644999999999996
28.631999999999998
55.545
50.644999999999996
3.887
22.399
3.887
24.619999999999997
52.42400000000001
30.566
103.845
28.947000000000003
5.134
52.894999999999996
103.845
28.519
52.894999999999996
24.619999999999997
30.007
28.519
60.367999999999995
14.767
30.007
29.046
7.132
7.48
14.767
7.132
30.314
19.128
29.981
23.798
19.128
4.459
23.798000000000002
9.931999999999999
9.092
311.8640000000001
129.095
24.466
16.483
155.543
13.068
16.216
16.483
14.315
3.231
41.723
12.654
25.906
4.481
5.135
41.723
2.452
25.906
39.462
10.292
2.452
11.578
8.173
10.802
10.292
8.173
67.612
11.256
54.097
141.79700000000003
4.331
11.256
59.64399999999999
28.632
5.789
6.087
21.833
5.789
1.455
174.66799999999998
78.588
13.309
22.021
174.668
13.309
27.05
27.125999999999998
90.82
22.567
27.05
19.555999999999997
90.82
33.861000000000004
11.186
91.775
19.555999999999997
64.517
11.186000000000002
17.069000000000003
8.206
53.415
64.517
49.707
4.604
8.206
3.57
28.803
5.122
49.707
4.469
4.369
9.851
6.0489999999999995
5.894
4.369
5.826
16.535
20.325000000000003
18.348
16.535
20.540000000000003
69.495
63.093
133.963
69.495
32.437
52.42400000000001
9.381
114.59799999999998
45.614000000000004
290.357
26.688
114.598
50.563
22.747
48.248000000000005
26.687999999999995
47.747
48.248000000000005
60.807
46.722
47.74699999999999
50.628
25.783
46.722
30.118
22.991999999999997
75.61800000000001
25.783
12.159
9.433
22.991999999999997
33.293
32.389
42.409
78.983
115.059
28.311
120.071
42.409
28.311
32.487
78.983
32.263999999999996
141.79700000000003
32.487
120.071
34.67
76.86399999999999
75.922
562.7640000000002
18.846
12.093
5.93
38.536
7.973
18.846
4.296
5.85
38.536
2.752
73.09700000000001
5.711
13.780999999999999
73.097
5.263
4.286
31.668999999999997
13.780999999999999
15.394
4.568
31.669
15.200999999999999
17.699
48.25300000000001
8.501999999999999
3.781
290.35699999999997
17.826999999999998
15.201
6.373
8.481
8.836
7.489
8.643
6.373
24.301
42.19
5.388
24.301000000000002
49.882
5.388
22.606
34.774
3.879
4.682
14.355
22.606
14.177
14.355
311.8640000000001
3.413
17.307000000000002
13.614
17.213
4.89
17.307
4.848
17.213
60.081
30.895
60.081
49.397
12.782
29.624000000000002
30.895
35.322
31.445999999999998
14.573
21.376
33.832
14.573
21.217
18.695
35.322
49.212
137.359
49.211999999999996
34.698
10.491
43.708000000000006
16.664
7.093
6.569
10.491
48.19
5.791
63.753
7.093
10.539
5.791
6.569
256.294
10.539
16.664
28.197
74.586
63.753
73.355
73.355
74.586
61.973
58.353
110.01600000000002
67.243
66.67699999999999
78.586
9.298
67.243
25.428000000000004
71.655
9.298
23.65
6.657
6.635
32.18
18.071
4.487
6.657
5.729
18.071
5.07
117.792
4.682
14.177
5.41
23.362
15.275
6.71
23.362
6.63
15.275
10.154
34.774
127.49
34.698
128.252
127.49
4.184
299.02
171.61199999999997
282.9
21.924
171.612
131.874
3.809
21.576999999999998
57.571
33.083
14.663
21.576999999999998
9.026
38.477000000000004
33.083
8.624
30.153
88.99499999999999
8.903
7.744
58.083999999999996
65.214
5.035
4.727
37.659
65.214
37.659
54.172
44.99
81.632
54.172000000000004
47.222
9.276
68.114
33.824999999999996
13.088
9.276
38.203
75.708
13.088
72.709
35.209
47.157
44.04900000000001
72.709
26.716
6.01
152.736
26.716
2.876
90.858
13.905999999999999
59.933
90.85799999999999
18.33
25.184
26.247
59.933
35.372
19.9
17.003999999999998
23.195
15.073
24.101
17.003999999999998
30.853
3.432
84.462
13.906
38.592999999999996
30.853
6.01
38.592999999999996
68.962
55.446
68.962
2.435
55.446
11.663
2.435
6.264
9.433
42.19
40.318
49.88199999999999
74.319
36.18
51.092
29.981
32.389
41.599000000000004
29.046
60.367999999999995
41.599000000000004
79.049
41.243
20.552999999999997
54.150999999999996
79.049
65.35
83.322
98.583
12.186
33.827
40.971000000000004
83.322
30.262999999999998
40.971000000000004
34.614
30.262999999999998
5.355
31.587
33.827
5.355
67.081
89.828
31.587
124.27799999999999
38.602
6.375
3.985
7.8740000000000006
16.991
6.159
27.252000000000002
7.8740000000000006
15.085
6.375
143.573
13.0
143.573
51.13700000000001
26.393
41.243
21.625
51.137
19.454
19.454
20.552999999999997
27.252000000000002
102.637
54.995000000000005
24.608000000000004
7.717
7.417
32.43
21.26
7.717
25.150999999999996
34.358000000000004
10.968
22.329
93.68799999999997
156.34
15.322
7.861
28.723
61.839
25.994
35.448
28.723
16.706000000000003
222.338
283.82399999999996
115.80799999999999
78.54100000000001
80.418
36.128
60.141
14.816
9.732
89.603
14.816
47.157
93.695
185.27800000000002
16.963
72.879
5.714
16.849
185.27800000000002
5.714
42.529
27.182
86.67599999999999
15.056999999999999
42.529
55.013999999999996
86.676
111.61799999999998
5.963
61.839000000000006
142.53900000000002
5.963
4.166
40.294
44.483
89.95800000000001
85.206
65.456
20.289
25.151
16.471
7.417
10.494
20.289
4.887
2.341
4.887
16.849
12.393
2.341
60.703
41.682
82.63799999999999
14.759
21.924
129.82
283.82399999999996
656.803
30.314
32.437
30.531
83.118
50.628
12.782
22.747
50.563
83.118
53.621
26.086
28.947000000000003
89.70100000000001
5.285
3.678
26.086
5.289
5.285
88.175
9.873999999999999
11.020000000000001
4.246
6.24
4.799
39.686
9.873999999999999
4.222
55.944
39.686
12.846
4.222
61.379
4.195
12.846
5.989
67.963
4.384
5.974
45.504999999999995
67.963
3.563
5.346
48.497
45.504999999999995
3.563
7.701
21.92
19.811
3.982
10.158
11.57
5.39
19.811
7.027
10.513
5.792
7.204
10.513
11.527999999999999
12.758000000000003
7.492999999999999
6.468
5.318
12.081
11.527999999999999
12.669999999999998
12.081
40.50800000000001
3.822
143.243
58.576
3.822
5.416
14.161999999999999
14.102
67.075
10.604999999999999
5.938000000000001
455.1840000000001
14.102
10.58
32.672
5.938000000000001
10.605
10.58
59.522000000000006
35.153
23.4
10.012
122.005
55.263999999999996
23.4
13.229
123.02400000000002
44.049
43.708
13.229
48.19
111.104
34.285
21.533
67.075
34.285
150.719
34.601
5.798
444.604
150.719
5.798
15.309000000000001
33.849
14.864
12.194
35.351
10.661
17.505
25.418
35.351
16.755000000000003
35.540000000000006
25.512
15.195
13.274999999999999
16.755000000000003
47.38
4.182
7.351
47.38
4.182
55.726
35.845
26.026
4.417
4.668
3.292
43.907
5.808
4.879
5.287
43.907
6.956
52.015
5.287
21.91
7.388
8.903
5.192
21.91
86.746
12.343
42.266999999999996
8.289
86.746
195.57500000000002
103.12299999999999
42.266999999999996
103.334
14.241
103.123
11.200000000000001
7.279
12.654
49.483000000000004
9.983
13.873999999999999
7.279
11.371
2.477
9.033
9.123
11.371
198.276
9.11
82.249
101.26899999999999
38.601
88.80400000000002
9.11
32.208
55.694
25.211000000000002
24.491999999999997
8.652999999999999
25.211000000000002
11.442
19.905
12.523
22.516
35.372
34.032
22.516
11.51
9.123
52.676
124.24100000000001
52.676
8.793
11.284
8.228
103.33399999999999
11.200000000000001
8.652999999999999
15.006
14.331
4.918
12.458
23.731
59.90199999999999
14.331
5.644
8.555
68.225
59.902
16.09
10.015
20.908999999999995
9.033
11.51
132.014
2.997
14.241
64.245
2.997
11.442
24.491999999999997
18.33
84.462
61.331999999999994
11.358
8.793
35.646
107.35700000000001
154.97
60.807
35.646
154.96999999999997
15.073
34.99
8.783
18.878999999999998
11.578
32.462
19.905
8.681
21.086
105.83800000000002
12.617
8.681
25.156000000000002
14.374
12.617
8.785
10.014999999999999
8.861
11.358
113.54599999999999
5.668
50.678
27.316000000000003
26.471
34.032
61.331999999999994
27.316
49.738
20.222
26.499
132.491
14.19
21.909
40.443999999999996
132.491
40.444
2.512
152.128
15.165
10.925
10.031
2.497
108.81600000000002
152.12800000000001
4.481
4.87
24.778000000000002
40.321
24.778
24.298000000000002
187.56799999999996
109.78399999999999
20.412
103.262
105.11699999999998
187.568
40.431
13.876
87.115
12.349
26.964
25.103
51.665
15.436
25.103
9.348
0.791
103.262
15.436
8.029
12.349
5.917
13.876
0.791
5.917
26.964
9.347999999999999
12.056000000000001
12.056000000000001
8.029
165.44099999999997
8.415
17.871
13.565000000000001
17.395
13.276
8.415
71.966
7.714
71.966
14.929
13.276
22.232
40.43600000000001
27.185000000000002
36.586
23.398999999999997
22.232
3.341
5.302
12.436
25.436
8.244
12.436
23.399
8.883
5.302
28.3
8.883
33.644
35.83
3.321
4.715
27.118
24.83
43.265
27.118
5.07
113.017
43.265
17.85
27.022
36.573
83.85900000000001
25.653
19.628
36.573
117.906
115.80799999999999
64.96000000000001
117.906
375.2350000000001
168.846
64.96000000000001
375.235
46.176
8.076
31.194
46.176
98.583
104.63
52.52799999999999
98.68
41.109
7.083
98.67999999999999
95.95499999999998
4.965
92.38
8.268
22.931
92.38
7.096
247.09800000000004
80.614
4.028
85.568
80.614
17.227
23.117
62.792
10.61
81.627
44.12599999999999
81.627
217.499
17.715
10.494
15.25
27.972
217.49900000000002
32.43
4.184
63.011
299.348
279.649
181.82100000000003
63.011
16.897
8.153
42.474
3.336
5.276
8.153
29.589999999999996
41.474999999999994
3.846
3.89
11.935
11.61
3.76
1.479
11.82
25.764000000000003
11.605
70.036
25.764
19.056
19.056
52.414
5.671
33.002
62.444
16.218
5.671
46.485
49.203
4.291
10.559
61.608999999999995
4.291
40.195
43.744
24.047
20.893
53.828
16.218
24.047
20.846
26.501
20.845999999999997
20.892999999999997
3.873
11.756
52.41400000000001
3.736
3.873
2.625
11.934999999999999
1.479
2.36
6.21
4.099
3.76
4.771
11.61
4.099
11.632000000000001
67.507
114.802
41.109
171.26699999999997
10.636
152.798
12.389999999999999
62.754000000000005
80.53399999999999
30.055999999999997
38.218
47.879000000000005
62.754000000000005
39.206
1.329
38.218
7.611000000000001
39.68
1.329
9.79
123.775
12.389999999999999
10.205
4.741
87.51699999999998
123.775
31.194
12.186
39.678
87.517
8.076
137.359
112.465
143.629
149.86
41.109
20.648999999999997
55.256
143.62900000000002
42.13
20.648999999999997
68.089
5.91
42.13
9.113
26.499
6.21
36.297
9.113
28.927999999999997
157.508
21.203
45.751
44.047
182.85899999999995
157.50799999999998
14.657
35.086999999999996
67.229
182.85899999999998
44.047
22.191
45.751
95.249
16.087
37.995000000000005
9.787
56.724
17.893
9.787
4.224
16.365000000000002
16.365000000000002
24.847
17.018
16.087
16.119
17.854
19.655
88.67899999999999
71.035
44.36000000000001
17.018
24.470999999999997
24.847
17.893
44.22
5.924
147.88100000000003
19.043
93.594
5.924
62.059000000000005
30.982
89.234
62.059000000000005
56.724
6.627
58.099000000000004
22.305
6.627
24.471
16.024
35.63400000000001
33.995000000000005
17.854
67.229
22.191
33.995000000000005
16.119
21.163
20.703
190.54000000000002
27.978
21.163
24.795
3.879
92.3
43.678
15.402
47.964
16.024
15.402
8.932000000000002
3.781
24.819
8.931999999999999
9.129
24.795
14.076
47.218
14.076
27.978
52.298
29.984
3.67
52.298
130.28
8.228
11.583
127.543
6.63
170.35400000000004
19.958000000000002
42.487
29.24
39.516999999999996
6.119
18.052999999999997
6.229
33.230000000000004
47.964
6.562
6.229
35.634
7.384
6.119
29.984
43.915000000000006
28.582999999999995
29.270999999999997
22.624000000000002
3.692
55.69
28.583
67.132
3.692
17.434
3.588
17.433999999999997
15.332
3.588
5.365
70.984
4.421
2.964
5.365
29.845
10.533
17.022
4.421
10.533
20.316
34.65
9.005
44.22
20.316
24.715
9.005
43.925
36.327
22.639
24.715
36.327
17.339000000000002
35.251999999999995
6.01
17.339
55.492
11.566
132.014
71.84899999999999
11.566
6.864
127.543
10.387
11.561
11.693
1.586
10.387
115.598
20.701
115.59800000000001
73.72500000000001
9.381
20.701
21.418
10.62
24.879
43.344
23.489
6.817
10.62
15.382
23.489
52.86
15.382
72.554
15.619
11.561
43.344
72.554
1.586
6.864
73.725
124.24100000000001
44.548
20.049
39.516999999999996
17.298000000000002
18.787
38.229
44.547999999999995
1.627
18.787000000000003
30.259
9.562999999999999
33.293
17.699
30.117999999999995
12.159
9.562999999999999
17.827
80.373
92.23100000000002
41.6
80.37299999999999
24.523
33.137
92.231
24.978
37.259
33.137
27.797
4.521
37.259
77.691
4.521
1.627
40.354000000000006
17.298000000000002
6.959
20.049
40.354000000000006
30.259
54.097
30.566
129.197
5.274
46.571000000000005
154.37300000000002
46.571000000000005
2.27
39.540000000000006
29.061999999999998
4.838
22.240000000000002
34.525
3.189
7.393
4.838
14.657
79.14599999999999
88.679
4.166
102.637
34.525
6.986
21.639
19.641
13.896
5.319
59.263
30.309
13.896
21.639
5.319
5.467
19.641
51.29999999999999
160.424
2.692
6.986
59.335
2.692
17.715
36.298
74.574
51.3
36.298
27.26
30.309
69.494
27.26
43.615
27.972
21.259999999999998
43.615
10.527
43.894999999999996
10.652999999999999
5.859
3.364
88.99499999999999
74.594
38.477000000000004
3.364
16.422
14.663
3.809
16.422
69.92699999999999
8.172
57.90899999999999
55.726
93.446
20.969
8.172
17.435
5.276
4.481
24.298000000000002
3.736
11.790000000000001
27.165
21.208000000000002
32.178
27.165
4.771
6.21
20.969
4.87
3.336
11.146
10.228000000000002
20.413
40.321
32.178
29.569
28.927999999999997
26.555
54.258
15.142
77.66900000000001
29.569000000000003
12.221
15.142
59.00400000000001
8.254
12.221
10.869
8.254
12.89
37.739000000000004
43.601000000000006
37.739000000000004
59.004
57.631
13.709999999999999
43.601
26.851000000000003
3.455
47.519999999999996
13.709999999999999
4.361
26.555
39.605000000000004
7.3
12.771
15.89
7.3
31.33
17.707
16.367
6.284
15.956
6.284
12.771
16.367
9.231
9.829
56.44399999999999
9.829
30.73
82.481
48.991
17.434
30.73
18.272
16.067
6.837
79.023
15.703
1.719
16.067
5.079
31.677999999999997
7.355
31.677999999999997
8.624
10.874
5.556
6.039
113.789
5.624
10.874
32.208
31.568
15.628
63.093
6.372
31.568
10.876000000000001
49.397
87.433
6.716
10.876000000000001
87.433
5.289
174.26
53.621
30.286
59.501999999999995
174.26
64.245
59.501999999999995
54.614
20.903
34.67
66.511
17.174
14.409
17.599
7.99
17.923
17.174
4.875
7.99
22.724
44.291
4.875
33.692
15.905
44.291
105.752
46.428
38.056
7.634
14.349
43.09
43.259
38.056
6.635
41.814
43.09
6.984
6.871
8.47
38.805
6.17
6.871
5.769
32.620000000000005
26.239
38.578
32.620000000000005
26.239
21.079
64.557
69.208
21.079
67.25
5.64
5.647
69.208
9.166
3.307
5.64
20.903
152.961
6.01
56.083
9.93
43.699
6.194
4.244
8.396
56.083
18.138
6.194
8.383
18.138
41.9
57.571
73.767
83.11099999999999
169.506
24.608
73.767
72.624
2.403
75.922
66.511
12.382
17.434
22.144
14.087
12.382
53.254999999999995
53.254999999999995
4.023
7.355
69.92699999999999
10.363
6.837
5.47
48.991
11.056
24.137
68.875
202.37199999999999
2.403
42.094
13.452
68.875
34.730000000000004
18.591
28.750999999999998
71.243
22.624000000000002
34.730000000000004
65.527
29.542
39.94
29.270999999999997
31.237000000000002
8.534
22.113
39.94
14.411999999999999
3.21
21.306
3.21
55.69
31.237000000000002
29.542
21.596
14.411999999999999
28.751
17.242
21.595999999999997
71.243
24.022
61.951
5.41
22.346999999999998
274.146
14.087
656.8029999999999
34.735
12.518
67.25
42.094
65.527
25.752000000000002
24.022
44.22
35.252
22.091
10.578
12.273
72.879
1.99
0.87
10.578
48.659
60.703
36.498999999999995
14.477
46.492999999999995
21.307
4.324
36.498999999999995
21.307
7.497999999999999
29.457
12.393
62.672999999999995
0.87
29.457
1.7720000000000002
12.273
8.158999999999999
31.29
60.646
184.39499999999995
27.372
8.158999999999999
9.503
9.321
44.99
57.108000000000004
38.291000000000004
27.842000000000002
3.816
4.493
54.349000000000004
57.108000000000004
23.488
120.91199999999999
54.349
26.944
18.424
6.49
18.792
35.05
5.631
18.424
27.934
120.91199999999999
104.478
19.741
15.466
104.478
93.50200000000001
45.872
27.842000000000002
34.333
93.50200000000001
8.302
13.668
27.934
8.302
5.183
91.99100000000001
31.792
158.67499999999998
5.13
91.99100000000001
25.71
59.87
158.675
25.71
60.056
47.222
621.289
154.49
32.672
64.538
40.508
90.001
8.87
20.782
64.538
12.906
14.625
90.001
16.039
7.816000000000001
3.57
1.486
4.013
7.816
23.898
6.929
4.013
21.449
13.126000000000001
70.648
6.929
15.906999999999998
9.294
13.126000000000001
8.477
3.57
15.907
20.776
7.493
11.02
5.659
30.706
20.776
13.944
5.708
5.6
30.706
15.107
13.944
35.061
7.273
15.107
4.566
29.444
7.273
4.918
11.651
6.476
11.651
10.549000000000001
29.516
16.553
8.511000000000001
17.695
70.19
10.873
43.053000000000004
29.516000000000002
248.84599999999998
274.769
248.846
18.887999999999998
442.76300000000003
21.602
274.769
442.7629999999999
58.168
15.865
20.398
48.347
38.818999999999996
15.865000000000002
29.577
69.293
15.471
10.549
8.751
16.34
4.503
5.339
15.471
24.577
16.34
5.142
5.542
24.577
5.788
38.291
106.124
3.509
53.514
106.124
83.973
33.207
30.807000000000002
4.614
44.436
83.973
5.816
31.884
25.274
6.601
7.598
5.816
12.474
7.429
6.601
12.999
5.788
16.254
3.723
5.542
121.639
94.418
40.194
11.107
55.944
43.573
3.503
16.039
43.447
19.948
3.503
43.385999999999996
17.923000000000002
19.948
5.318
10.247
33.260999999999996
6.468
21.699
12.6
12.67
30.807
37.946999999999996
73.48400000000001
9.268
32.35
21.601999999999997
20.78
20.78
18.887999999999998
26.11
40.53
12.643
21.92
2.743
112.587
40.53
2.743
20.133000000000003
25.418
15.721
11.17
20.133000000000003
45.385000000000005
15.721
30.537
12.376999999999999
45.385
65.244
45.995
17.871
12.376999999999999
45.995
73.484
62.099000000000004
18.347
55.358
37.947
42.242
26.128
55.358
65.244
30.537
42.242
5.416
108.899
12.643
7.701
6.016
14.161999999999999
11.17
45.872
21.462
11.17
26.624000000000002
40.515
8.652000000000001
19.990000000000002
26.624
48.366
73.65200000000002
11.17
77.89
54.991
22.567
13.937
13.797
110.01599999999999
19.320999999999998
10.107000000000001
7.7330000000000005
8.611
16.027
19.320999999999998
8.368
46.851
80.534
8.368
44.519999999999996
47.879
107.03699999999999
7.367
44.519999999999996
13.859
107.037
22.353
15.986
40.431
87.11500000000001
60.664
65.35
15.986
83.875
39.69
53.415
56.641
39.69
6.34
28.846
6.159
3.489
165.441
40.388999999999996
33.652
6.34
48.582
2.815
33.652
32.408
42.533
46.384
2.815
35.809000000000005
105.91
40.388999999999996
55.722
25.819000000000003
105.91
36.374
47.186
56.641
15.002
14.957
31.811
3.55
45.021
31.811
80.84700000000001
46.759
22.021
34.446
52.269
46.759
53.813
13.421
52.269
6.898
19.35
13.421
5.257
102.14999999999999
4.469
6.918
38.957
4.809
47.186
5.122
28.554000000000002
30.305
49.967
27.125999999999998
33.518
101.25900000000001
49.967
80.84700000000001
33.518
91.775
32.78
48.582
40.937
24.57
36.374
4.195
49.96699999999999
38.957
6.0489999999999995
123.158
26.219
49.967
123.158
6.32
5.875
28.649
34.487
32.408
31.484
46.951
46.384
40.937
34.487
32.78
28.846
15.002
28.649
10.32
85.57100000000001
20.412
212.526
289.2979999999999
140.713
85.571
7.096
289.298
71.65499999999999
53.813
101.259
57.167
3.336
30.878999999999998
4.029
3.336
41.714
30.274
4.029
7.957000000000001
13.198
30.274
14.158
19.047
13.198
21.403
19.047
95.34700000000001
31.299
24.587
8.175
95.347
24.587
90.15299999999999
34.476
19.674
90.153
8.465
24.978
19.674
22.855
9.027
24.523
92.67
44.739
102.79899999999999
212.15
12.24
165.857
44.739
10.802
117.40199999999999
47.094
2.693
46.064
47.094
8.947
7.957000000000001
34.407
46.064
9.615
34.407
39.707
8.783
6.262
2.697
39.707
126.101
24.101
6.262
10.087
193.211
6.189
198.276
10.087
23.195
6.189
1.879
45.543
94.713
5.687
35.288
45.543000000000006
171.581
5.627000000000001
35.288
21.0
3.644
171.58100000000002
3.231
165.857
9.285
14.729
129.09499999999997
78.252
11.54
3.393
11.54
102.32499999999999
33.230000000000004
15.361
147.88100000000003
58.099000000000004
36.258
48.253
10.154
14.970000000000002
14.914
43.910999999999994
3.616
9.347999999999999
5.846
14.97
3.413
5.064
9.347999999999999
4.431
14.219000000000001
13.614
5.846
14.914
14.219
89.90499999999999
5.064
21.643
8.401
4.89
4.327
21.642999999999997
93.59399999999998
44.36
4.224
4.398
58.47599999999999
98.94
5.116
4.398
43.911
15.361
5.116
5.972
98.94
86.49499999999999
6.59
19.89
62.79899999999999
3.616
8.401
58.476000000000006
4.431
46.31
121.103
4.202
86.495
75.61800000000001
4.327
6.479
121.10299999999998
15.098999999999998
5.607
6.479
3.797
18.772
5.607
3.914
30.982
5.888
15.099
22.034999999999997
4.656
3.797
18.798000000000002
37.593
3.914
4.656
33.501
37.593
7.474
4.848
10.754
46.31000000000001
29.623999999999995
10.754000000000001
10.939
68.249
14.349
7.324999999999999
8.7
59.364
6.384
5.749
7.324999999999999
17.953
53.29600000000001
37.995000000000005
16.09
14.374
106.73
35.086999999999996
53.29600000000001
13.657
28.510999999999996
25.156
13.657
20.909
8.785
5.749
15.323
28.511000000000003
6.384
20.917
68.249
6.863
13.513
106.73
3.044
20.728
13.513
3.471
10.748
20.728
6.619
3.471
26.404
23.295
17.146
26.403999999999996
5.178
41.717
23.295
7.715
5.001
63.54900000000001
41.717
7.715
16.642
57.959
3.183
5.126
16.642
3.183
18.218999999999998
31.664
8.656
110.677
18.218999999999998
5.556
117.506
110.67699999999999
26.875
117.506
7.393
5.232
3.044
19.655
5.232
10.748
7.424
17.953
19.204
16.366
7.424
20.917
7.488
16.366
117.77
7.488
19.204
21.086
6.753
113.46200000000002
117.77000000000001
11.218
71.19300000000001
24.511
17.742
8.337
5.93
11.218
8.533
6.619
6.029999999999999
49.531
8.533
113.01700000000001
49.851000000000006
5.729
6.984
113.46199999999999
5.335
4.487
17.85
37.512
81.128
23.731
22.01
15.006
7.141
198.04899999999998
256.29400000000004
7.141
10.085999999999999
143.867
71.193
5.192
4.05
86.439
4.3919999999999995
14.301
32.919000000000004
18.115000000000002
38.203
6.981
89.603
10.108
7.001
102.216
75.708
9.151
77.279
102.21600000000001
4.878
80.544
77.279
4.681
4.878
80.185
35.702
2.717
4.681
26.875000000000004
7.861
69.046
138.376
1.455
105.881
69.04599999999999
6.087
9.732
90.15600000000002
18.121000000000002
4.883
0.601
34.025000000000006
77.372
4.551
8.337
80.544
0.601
12.093
4.551
80.185
2.752
34.831
88.17699999999999
65.297
7.284
71.235
5.85
42.639
7.284
41.847
68.225
4.286
88.17699999999999
102.32499999999999
9.151
26.072
78.588
102.14999999999999
4.296
34.831
34.025000000000006
5.801
42.639
7.973
17.742
5.801
24.511
41.847
27.736
18.115000000000002
35.702
25.994
12.395
4.047
8.911999999999999
6.183
12.395
36.18
45.623999999999995
14.558
33.825
5.891
3.308
14.558
5.989
45.181
3.55
57.167
45.181
5.256
4.755
41.814
41.888000000000005
5.256
5.353
20.288
25.744
3.067
22.48
5.353
3.067
4.509
3.826
58.624
4.293
22.034999999999997
3.826
7.474
12.069
50.793
43.413
3.79
19.490000000000002
50.793
47.384
10.108
167.37999999999997
47.384
35.209
54.437
167.38
22.240000000000002
10.085999999999999
5.178
6.981
19.975
90.15599999999999
5.989
14.884
19.975
45.021
6.898
7.001
5.257
19.35
68.114
19.756
111.10399999999998
74.332
21.479
19.756
68.52499999999999
123.02400000000003
21.479
7.96
74.332
4.3919999999999995
11.524
7.96
4.34
68.525
11.524
100.439
4.27
44.083
100.439
86.439
4.208
44.083
192.03199999999998
48.153999999999996
78.541
29.777
140.206
40.099999999999994
12.289
29.777
21.743
12.289
40.099999999999994
60.141
255.395
43.991
255.395
7.367
21.743
8.34
25.653
25.517
32.385
21.877
8.34
1.869
21.877
85.298
45.053
14.51
2.409
16.004
12.718
45.053
21.863
16.875
69.05499999999999
15.17
37.455
9.427
15.553
69.05499999999999
16.879
46.773
9.427
17.38
16.875
37.724999999999994
30.111
37.725
17.815
11.473
26.488
30.111
22.729
11.473
16.879
28.547
22.729
25.796
37.318
35.499
27.198999999999998
25.796
12.254999999999999
20.358
19.736
18.463
35.498999999999995
7.117
5.585
7.577
156.34
22.328999999999997
48.153999999999996
22.951999999999998
58.411
2.555
61.71
23.787
23.787
27.682
48.366
46.951
45.614999999999995
169.506
16.471
34.87
3.974
152.961
27.479999999999997
3.974
26.978
26.793
109.137
26.793
63.199000000000005
4.258
26.978
63.199
30.234
4.258
163.538
27.48
30.313
28.918
34.86
163.53799999999998
34.86
3.307
5.24
9.166
28.918
174.21300000000002
38.805
50.629
8.656
26.321
138.436
82.48100000000001
5.821
15.628
5.533
34.068
72.236
2.958
4.793
34.068
4.323
72.236
3.165
15.038
68.398
9.442
19.490000000000002
46.564
46.619
68.398
5.052
46.619
45.084
5.052
4.141
44.017
4.225
5.91
282.9
18.847
4.825
17.638
299.02
42.572
5.988
33.729
17.638
5.067
36.461999999999996
33.729
5.581
4.408
36.461999999999996
9.972000000000001
28.322
16.939
5.081
4.819
23.809
9.972000000000001
20.016
4.692
4.621
23.809
115.01
41.9
67.184
12.574
115.00999999999999
10.463000000000001
17.227
54.83
143.125
8.47
6.87
6.241
79.023
7.541
30.313
174.213
7.541
34.87
30.234
7.122
15.956
31.33
30.531
9.932
5.654999999999999
22.399
26.126
89.70100000000001
13.859
20.255
33.701
82.705
113.54099999999998
20.255
45.638
21.522000000000002
82.705
5.207
212.526
25.428
45.638000000000005
5.091
3.366
9.503
5.657
11.382
5.091
20.849
16.438
20.849
32.443
12.077
73.093
11.736
12.077
6.374
20.887
15.466
80.012
19.741
20.887
31.064999999999998
43.834999999999994
80.01200000000001
16.224
4.717
17.65
16.224
4.916
37.095
8.007
5.672
37.095
20.238
6.227
8.007
4.354
20.238
4.211
36.590999999999994
6.084
4.714
36.591
7.282
5.638
6.084
6.151
7.282
8.751
6.475999999999999
4.883
26.32
18.597
5.178
14.884
5.891
171.267
15.309
38.907000000000004
7.271
4.361
42.867000000000004
97.984
41.109
42.867000000000004
77.179
52.528
113.54100000000001
51.665
63.388
77.179
6.249
11.405999999999999
54.150999999999996
11.354000000000001
11.405999999999999
6.338
5.88
23.488
17.678
139.392
9.397
11.354
15.085
25.819000000000003
16.991
22.26
32.696999999999996
5.88
21.849
7.684
7.197
22.26
4.053
21.849
7.867
58.168
8.178
4.053
89.90499999999999
18.772
19.043
15.938
21.092
17.964000000000002
23.481
6.274
5.126
88.80400000000002
5.001
23.481
42.97800000000001
5.178
5.551
49.531000000000006
42.978
6.274
66.586
82.24900000000001
28.429
66.682
87.81899999999999
46.851
73.185
66.682
24.192
35.067
82.63799999999999
48.669000000000004
46.492999999999995
63.861
8.325
23.700000000000003
48.669000000000004
5.158
39.167
23.700000000000003
5.158
63.861
11.789000000000001
14.621
108.769
33.204
12.801
10.158
10.158
42.402
51.211999999999996
40.620000000000005
119.93700000000001
38.007
39.68
24.651000000000003
128.252
36.993
8.325
51.211999999999996
36.993
35.622
26.353
35.067
9.147
39.205999999999996
49.422000000000004
33.861000000000004
40.083000000000006
77.88999999999999
54.991
89.11700000000002
43.64900000000001
28.977
89.117
28.977
24.970000000000002
12.594000000000001
9.085
3.521
24.970000000000002
16.184
3.521
85.298
92.19399999999999
21.217
0.382
36.555
15.553
55.376999999999995
72.292
18.165
11.174
17.624
18.165
20.358
68.16900000000001
5.703
42.474
5.273
115.886
6.627
3.065
33.769
115.88600000000001
7.727
26.643
33.769
41.623999999999995
6.169
17.729
10.463000000000001
26.643
7.975
36.201
24.392999999999997
17.729
5.713
5.796
28.746
36.201
2.922
6.016
28.746
50.057
6.547
2.922
5.915
20.142
5.882
50.057
6.292
62.575
4.199
20.142
6.399
4.293
62.575
6.729
14.161000000000001
3.959
8.635
54.152
14.161000000000001
8.182
2.509
72.45
54.152
35.153
7.331
2.735
72.45
72.292
15.17
39.638999999999996
17.964000000000002
0.382
24.320999999999998
55.376999999999995
25.004
58.411
46.925
42.527
25.004
44.128
27.457
16.953
80.13900000000001
27.457
53.456
16.869
16.953
92.60199999999999
46.925
22.507
37.9
3.509
9.307
31.291999999999998
5.035
8.586
31.291999999999998
10.274000000000001
44.657
68.16900000000001
21.863
44.657
15.854
57.161
16.004
154.373
16.166
13.838000000000001
95.931
60.501999999999995
45.624
93.69500000000001
48.366
18.121000000000002
61.709999999999994
53.514
5.0329999999999995
93.446
38.819
13.838000000000001
9.882
98.26400000000001
58.68
10.276
15.315000000000001
50.629000000000005
28.628
58.67999999999999
9.026
8.656
67.184
58.624
9.713000000000001
10.012
44.480999999999995
143.24300000000002
9.713000000000001
45.851
18.403
8.911999999999999
10.833
12.069
14.477
83.85900000000001
3.79
43.413
7.497999999999999
51.614
7.914999999999999
33.204
8.73
51.614
12.947
8.73
70.41199999999999
40.62
24.740999999999996
70.41199999999999
5.91
38.879
23.422
131.874
10.629999999999999
23.422
5.864
3.599
32.075
5.864
111.61799999999998
77.05999999999999
55.281
4.819
5.081
23.474999999999998
24.168
22.415
36.842000000000006
52.178
22.415
112.46499999999999
9.617
36.842
4.311
4.225
279.64899999999994
23.474999999999998
11.514
7.803
66.67699999999999
4.965
8.336
11.514
4.815
8.646
61.973
78.586
33.701
8.646
32.687999999999995
248.654
155.543
181.82100000000003
4.885
10.183
43.744
42.827
4.028
4.885
83.053
35.522000000000006
28.544999999999998
56.735
25.361
20.540000000000003
16.027
10.107
8.509
28.322
25.361
150.045
3.531
8.87
121.067
15.35
26.652
30.55
19.490000000000002
9.393
11.422
26.651999999999997
34.016999999999996
11.422
39.463
39.463
8.652000000000001
83.66799999999998
23.258
2.441
34.016999999999996
23.258
19.490000000000002
20.653
11.692
7.027
21.907
5.0329999999999995
11.692
29.577
11.57
20.413
5.157
34.75
5.157
6.238
26.501
14.561
15.93
6.238
62.444
11.605
31.671
26.488
18.331
23.74
6.617
24.320999999999998
40.093
15.315
3.4480000000000004
90.444
60.989
40.092999999999996
15.884
64.243
46.971000000000004
15.884
23.885
544.917
64.243
544.917
155.359
10.998999999999999
11.403999999999998
80.092
96.131
155.35899999999998
44.126000000000005
81.841
55.164
80.092
44.222
8.976
8.643
43.678000000000004
44.222
74.036
26.282999999999998
83.11099999999999
57.814
6.988
10.276
57.81399999999999
28.628
4.752000000000001
6.9879999999999995
26.282999999999998
3.4480000000000004
4.752000000000001
74.03599999999997
12.518
11.056
21.988
18.272
34.735
64.557
23.885
16.892
46.472
202.37199999999999
46.472
15.004
15.151
26.393
5.052
15.004
43.946999999999996
6.337999999999999
43.947
12.979
23.897
23.897
89.82799999999999
42.983999999999995
48.64299999999999
20.309
34.614
67.081
42.983999999999995
20.309
45.974
88.29100000000001
121.639
45.974000000000004
6.9190000000000005
12.514
27.675
30.338
12.262
18.374000000000002
30.338
6.288
17.367
107.08500000000001
6.288
72.624
52.676
101.26899999999999
6.25
129.82
54.995
32.257
3.321
43.512
5.831
32.257
46.964
37.512
14.538
13.235000000000001
15.25
25.054000000000002
20.161
23.036
104.719
138.376
20.729
107.08500000000001
60.989
22.931
8.449
9.268
11.906
11.736
6.374
8.449
4.151
87.819
5.215
35.540000000000006
24.43
220.36200000000002
33.510000000000005
81.632
220.36199999999997
2.555
94.827
20.064
2.269
212.15
9.285
2.269
1.901
485.8170000000001
19.9
5.687
35.16
18.878999999999998
6.882
35.16
25.184
5.627000000000001
50.678
6.882
26.247
26.471
5.668
9.615
34.99
7.503
7.503
33.51
50.870999999999995
81.08100000000002
52.06900000000001
13.274999999999999
50.871
81.081
41.132
41.132
105.88100000000001
3.489
60.664
83.875
23.65
58.696999999999996
105.117
5.207
40.513
58.696999999999996
21.522000000000002
17.367
34.327
44.01
8.773
65.297
44.01
9.158
6.363
8.659
52.01499999999999
9.107
24.581000000000003
39.525
48.099
36.47
24.581000000000003
236.06199999999998
24.342
48.099000000000004
31.514
102.72399999999999
236.062
31.514
38.077000000000005
17.964
173.134
38.077
14.699
25.336
26.396
16.869
2.439
14.699000000000002
25.336
6.741
18.597
173.13399999999993
19.232
19.232000000000003
6.25
52.676
40.823
3.985
21.625
9.413
38.866
52.825
9.294
12.382
31.425
2.091
38.866
8.477
31.425
3.657
12.382
4.379
3.532
16.556
18.347
4.379
3.714
74.403
2.091
4.572
31.306999999999995
26.128000000000004
4.614
65.895
20.528
65.89500000000001
83.66799999999998
113.82599999999998
16.308
16.308
7.966
20.528
16.343999999999998
7.966
7.151
40.05
17.505
5.419
12.474
19.025
5.419
5.585
24.299
18.79
24.299
20.781999999999996
11.107
4.723
12.514
23.771
4.916
15.379999999999999
6.9190000000000005
44.346000000000004
19.025
4.656
73.093
7.598
15.413
15.24
9.393
15.02
40.51499999999999
21.462
15.02
30.549999999999997
30.055999999999997
97.984
3.647
11.360999999999999
44.495
11.361
77.669
5.478
3.229
44.734
8.383
29.845
24.522
44.734
9.936
2.964
24.902
9.936
35.641
5.934
9.137
35.641
26.503
4.967
9.137
23.644
19.641000000000002
24.522000000000002
43.765
15.332
5.934
39.516999999999996
246.037
12.262
13.809
32.044
17.861
77.69099999999999
17.861
138.71
138.70999999999998
21.403
41.714
2.693
14.158
31.299
2.697
13.95
34.476
13.809
13.95
8.175
4.338
9.027
64.874
2.873
126.10099999999998
64.87400000000001
22.951999999999998
43.991
50.965
1.879
64.914
32.044
27.796999999999997
8.465
12.29
92.67
41.6
190.54000000000002
2.873
22.855
12.29
50.96499999999999
7.367
93.68800000000002
8.289
19.87
94.71300000000001
28.549
12.278
222.338
168.846
12.278
19.503
15.619
52.86
5.134
7.48
6.716
86.337
10.911000000000001
88.17500000000001
86.337
6.985
6.336
39.525
6.985
3.647
39.678
95.95500000000001
14.17
80.438
44.495000000000005
14.17
38.602000000000004
63.388
6.751
55.721999999999994
124.278
9.147
104.63000000000001
38.007
89.262
46.709
49.422000000000004
89.262
149.86
68.089
5.431
1.99
13.555
5.431
9.442
88.44600000000001
7.026
32.443
22.502
32.697
17.677999999999997
26.944
7.026
4.667
5.988
55.281000000000006
18.216
4.667
35.689
40.120000000000005
3.599
18.028
35.689
12.437
59.335
405.945
104.719
59.263
12.437
414.50299999999993
23.036
15.623999999999999
5.135
4.728
49.483
32.462
4.246
12.758
12.6
4.202
9.203
40.318
7.489
12.24
6.895
42.312000000000005
19.253
12.671
6.895
46.885
8.256
43.894999999999996
18.778
8.256
34.949000000000005
42.312
29.061999999999998
57.534000000000006
49.383
4.784
5.631
13.193000000000001
31.792
30.613
11.02
13.193
10.76
246.03700000000003
119.652
5.757
9.73
14.356000000000002
22.912
13.961
14.355999999999998
17.031
3.591
46.471000000000004
42.653000000000006
94.503
46.471000000000004
59.449
10.76
60.646
94.50300000000001
5.849
59.449
184.395
2.416
288.19800000000004
5.849
17.035
288.198
34.816
17.035
136.767
72.98299999999999
21.533
59.522000000000006
136.767
35.809
31.29
27.372
4.707
67.51599999999999
210.30999999999997
16.466
4.707
172.417
47.045
330.538
172.417
330.538
19.137
7.99
30.824
20.347
14.163
7.99
9.048
24.43
14.144
14.163
4.12
14.538
5.215
18.633000000000003
25.249000000000002
154.49
13.235
18.633
14.144
8.868
22.156999999999996
16.553
12.867
22.273000000000003
8.868
27.137
7.947
12.867
21.517
3.978
14.267000000000001
7.947
3.978
14.999
4.352
11.278
11.443
15.413000000000002
3.019
15.24
11.443000000000001
3.019
4.802
19.916999999999998
12.906
4.893
4.779
19.916999999999998
58.189
4.912
11.278
6.271
16.556
5.354
58.189
43.447
4.362
3.532
5.307
5.257
28.197
14.767
78.276
3.229
8.396
55.492000000000004
22.091
35.281
47.045
83.30799999999999
119.06899999999999
59.984
274.146
9.048
52.069
22.049
203.004
28.214999999999996
30.823999999999998
203.004
6.948
14.148
14.998999999999999
12.492
14.148
7.946000000000001
11.271
12.458000000000002
4.568
32.053
14.662
32.687999999999995
7.803000000000001
17.779
14.662
22.139
5.244
17.779
60.225
58.708999999999996
60.225
127.56899999999999
23.146
58.709
26.219
55.694
31.671
45.614000000000004
9.416
22.353
58.353
7.464
13.363
19.181
5.961
13.12
7.464
18.208
8.689
13.034
5.961
17.512
5.993
13.243
8.689
16.567
13.494
5.993
16.225
13.14
14.345
11.698
13.14
16.48
15.123
17.667
11.698
19.181
18.208
17.512
16.567
16.225
16.48
39.329
17.667
13.118
13.363
70.18599999999999
2.831
10.023
13.12
13.118
2.831
24.192
39.638999999999996
15.312
13.034
10.023
37.455
10.873
13.243
15.312
37.102999999999994
17.38
17.161
37.102999999999994
5.435
13.494
10.873
24.433
5.435
24.156
14.123000000000001
20.638
17.247
24.156
14.345
116.76799999999999
24.433
15.123
116.768
17.247
14.123000000000001
26.615
6.249
15.841999999999999
2.625
53.828
33.002
47.81
18.365000000000002
10.218
113.82599999999998
47.81
5.659
33.261
28.366999999999997
621.2890000000001
455.1840000000001
444.60399999999987
9.321
3.366
22.502000000000002
52.141
4.141
88.44600000000001
80.02799999999999
7.111
4.389
8.164
29.029000000000003
4.042
3.97
7.111
7.93
107.26400000000001
20.439
7.93
26.597
17.976
17.77
9.128
26.597
17.77
26.226
6.119
5.533
107.264
61.817
26.226
24.583000000000002
59.87
13.668
24.132
18.792
33.849
30.810000000000002
34.601
8.182
3.982
7.09
19.337
10.535
7.09
21.233
10.535
21.233
10.353
14.327
17.695
16.494
43.053000000000004
14.371
5.021
31.064999999999998
11.041
14.371
27.137
76.864
80.01299999999999
1.945
33.207
29.499000000000002
4.572
112.587
52.824999999999996
21.449
18.307
16.845
7.634
70.68
10.205
7.618
17.849
47.592999999999996
70.68
7.083
47.593
38.85
6.052
120.41199999999999
7.618
10.636
4.943
16.438
13.818
35.05
157.208
15.212
120.37
15.212
157.208
80.41799999999999
55.014
120.37
30.662000000000003
30.067
23.774
30.662000000000003
16.656
19.872999999999998
30.067
16.656
13.0
9.413
36.128
192.03199999999998
34.657000000000004
15.793
8.268
38.515
15.793
9.229
20.012000000000004
47.287000000000006
21.965
3.911
18.941
17.575000000000003
18.941
15.322
160.424
140.713
40.294
16.892
24.137
69.702
69.702
46.971
13.452
38.578
65.656
21.988
65.656
9.24
67.283
36.47
141.459
19.87
64.91399999999999
52.178000000000004
4.311
9.617
4.741
38.85
47.519999999999996
2.476
5.395
7.615
5.244
19.849000000000004
4.152
5.5009999999999994
5.875
6.32
2.476
5.5009999999999994
8.336
13.913999999999998
14.338
20.012
7.615
19.366000000000003
14.338000000000001
4.362
3.564
13.913999999999998
4.362
17.069000000000003
19.366000000000003
4.152
9.229
7.389
19.849
80.438
26.126
0.84
71.31
3.678
15.038
16.644
19.473
50.071
21.418
31.671
30.286
54.614
50.071
17.455
4.028
37.237
62.507
62.50700000000001
17.455
143.125
37.237
55.164
4.728
4.481
7.644
6.336
96.131
195.57500000000002
22.9
61.56699999999999
102.799
10.363
12.646
22.9
14.326
485.817
10.363
14.326
12.646
59.059000000000005
59.059
95.172
11.271
6.603
4.918
15.852
1.734
14.332
16.759
19.843
15.852
9.425
16.759
35.061
33.372
4.714
7.966
42.114000000000004
35.182
33.372
42.114000000000004
41.62399999999999
12.213
10.013
27.563
49.738
39.721000000000004
42.653
46.587999999999994
16.685
3.591
13.549
44.481
178.031
13.549
69.66900000000001
108.89899999999999
26.240000000000002
178.03100000000003
122.005
26.240000000000002
5.251
151.389
25.249000000000002
151.38899999999998
2.416
34.816
143.57700000000003
83.639
72.98299999999999
26.191000000000003
7.127
35.591
55.256
3.858
7.127
34.475
114.802
28.522
12.947
42.402
28.522
117.273
26.851
24.986000000000004
17.328
48.426
117.273
13.449
15.524999999999999
17.328
3.716
25.384
1.872
3.716
43.174
1.872
26.634999999999998
13.449
24.542
38.481
26.634999999999998
9.231
24.542
9.035
12.89
9.231
15.363000000000001
57.631
15.363000000000001
48.426
43.174
4.341
9.035
38.481
4.341
54.257999999999996
10.869
18.374000000000002
22.912
8.103
185.891
414.503
405.945
65.941
185.891
127.569
2.756
65.941
22.139
10.32
5.601
31.484
5.601
35.809
13.977
50.79
26.615
17.432000000000002
9.783
11.398
50.79
9.783
19.455000000000002
27.107
19.455000000000002
2.876
3.644
77.426
3.432
9.107
21.0
81.84100000000001
5.546
29.872999999999998
26.396
6.741
10.183
4.583
13.961
8.103
17.031
39.517
5.241
5.478
22.188999999999997
61.95099999999999
25.752000000000002
14.1
12.835
14.1
22.189000000000004
12.835
67.132
19.239
5.241
70.984
19.239
4.904
43.765
4.967
4.023
30.713
139.38000000000002
39.25
46.885
43.699
30.713
14.729
83.30799999999999
23.09
92.512
4.904
20.578000000000003
4.049
8.534
14.846
26.134
66.045
38.907
99.68799999999999
187.42800000000003
99.68799999999999
6.617
46.773
12.254999999999999
36.905
27.198999999999998
32.299
32.385
34.150999999999996
36.905
4.868
4.727
4.868
48.347
10.274000000000001
8.586
9.307
22.01
20.703
4.338
2.477
193.211
20.769
11.382
37.07
12.412
13.818
20.769
4.493
24.132
60.056
12.412
37.07
8.555
16.2
5.711
71.235
22.426
5.644
198.04899999999998
81.128
5.29
19.137
40.608
4.656
81.672
31.884
40.608
5.142
15.777000000000001
27.674999999999997
8.787
8.486
2.441
26.147
8.486
11.568999999999999
13.565
73.652
14.306000000000001
11.569
48.366
5.974
2.926
63.983999999999995
4.384
71.641
48.49699999999999
9.425
19.843
3.864
14.332
3.864
20.378
7.392
1.734
10.013
7.392
4.918
7.846
121.06699999999998
30.743000000000002
8.393
46.988
24.851
2.537
18.176000000000002
46.988
58.79699999999999
8.393
13.962
58.797
13.962
24.851
61.00600000000001
57.804
5.354
19.962
65.201
65.20100000000001
46.587999999999994
6.48
6.842
16.685
91.56899999999999
86.018
38.515
47.287000000000006
40.083
86.018
9.092
90.673
59.984
67.51599999999999
23.09
79.146
90.67299999999999
38.464
2.808
119.069
3.394
38.464
35.281
29.59
32.727999999999994
17.814999999999998
31.671
4.941
18.331
61.518
28.547
4.941
37.318
3.594
21.517000000000003
22.273
10.873
11.041
22.157000000000004
43.835
12.897
57.909000000000006
17.092
12.979
47.406
9.397
10.463
138.43599999999998
4.459
20.604
16.939
18.847
3.476
42.568
40.239
20.604
8.509
8.611
7.274
3.543
3.294
107.357
24.819000000000003
3.04
113.54599999999999
36.258
16.881
4.12
20.347
28.215
14.327
8.511000000000001
4.352
1.901
11.663
9.983
78.276
60.912000000000006
143.867
14.767
60.912
54.437
7.458
13.937
5.271
3.982
104.929
10.468
3.982
13.797
5.271
23.662
4.640000000000001
12.029
32.734
12.466999999999999
23.662
4.054
12.029
4.594
4.541
2.462
23.146
22.4
12.708
4.640000000000001
2.462
4.415
44.869
38.551
4.594
4.415
11.164
12.466999999999999
4.054
22.4
44.136
7.458
14.783
8.845
10.353
6.948
12.492
47.333000000000006
70.19
32.35
47.333
3.977
3.977
7.327
7.946000000000001
5.021
15.151
5.052
47.406
18.893
28.341
14.315
8.933
10.158
4.496
20.398
3.543
4.83
8.501999999999999
6.264
152.736
13.873999999999999
103.263
5.657
7.9559999999999995
18.945999999999998
23.771
4.723
4.717
36.888999999999996
15.379999999999999
3.678
15.446000000000002
36.889
2.095
10.228000000000002
93.96
6.314
6.145
60.084
6.795
6.314
11.14
27.024
11.14
7.738
17.923000000000002
56.771
11.037
20.793
56.771
12.203
20.793
13.215
45.936
7.347
13.215
25.848
30.621
12.203
25.848000000000003
30.621
11.036999999999999
38.924
7.347
35.406
25.197000000000003
4.179
60.084
35.406
2.537
6.145
8.471
18.176000000000002
40.823
35.809
119.65200000000002
12.343
102.72400000000002
4.44
6.956
10.559
42.827
4.44
21.894
3.8789999999999996
7.274
38.879
31.154000000000003
9.158
61.608999999999995
31.154000000000003
7.7330000000000005
6.363
18.348
17.381
8.659
45.776
32.734
4.838
7.584
20.325000000000003
14.929000000000002
28.299999999999997
40.436
12.754
36.586
18.944
25.436
12.754
32.951
35.017
5.556
32.951
35.83
5.556
4.195
55.217
63.983999999999995
35.017
10.661
27.185
109.137
19.736
32.299
25.517
18.463
17.624
23.74
53.034
3.394
16.466
63.309
53.034
18.036
63.309
23.649
20.523
23.649
34.657000000000004
8.836
8.976
62.79900000000001
7.384
19.89
92.30000000000001
5.06
42.487
38.229
4.83
3.294
16.881
170.354
5.551
49.851000000000006
66.586
3.189
2.717
77.372
5.133
5.624
38.601
10.969
5.133
6.039
142.53900000000002
10.969
5.263
16.2
32.053
17.923
22.724
12.671
18.778
33.69200000000001
5.657
20.565
92.512
5.29
95.172
20.565
2.512
2.752
5.989
2.898
20.096000000000004
71.641
7.738
33.027
20.096000000000004
50.745
25.197000000000003
33.027
38.92400000000001
64.57
15.335
8.471
6.795
61.379000000000005
4.179
45.936
43.611
8.675
19.628
69.669
9.424999999999999
8.675
10.825
5.99
10.825
2.3
24.406
5.99
45.851
24.406
21.194000000000003
19.628
8.219
5.045
50.745
36.773
8.219
12.783
3.819
3.819
7.641
10.011
4.846
7.641
12.783
7.948
4.846
31.857999999999997
4.585
7.948
36.773
4.585
58.576
64.57
6.842
6.48
3.911
21.965
43.275
54.428
8.352
53.794
73.18499999999999
43.275
8.845
53.794
10.468
28.429
17.575
18.369
22.639
32.598
43.259
18.369
41.888000000000005
37.784
14.864
17.395
14.306000000000001
31.999
23.65
56.444
6.754
24.525
31.999
6.754
12.482999999999999
41.891999999999996
12.482999999999999
23.65
2.91
120.41200000000002
22.043000000000003
2.91
3.366
29.531
29.154000000000003
10.527999999999999
80.22600000000001
24.525
41.891999999999996
10.527999999999999
3.89
11.632000000000001
11.79
7.513
3.846
11.756
11.82
7.513
7.6850000000000005
21.104
16.183
6.063
2.36
16.183
14.814
5.806
1.482
5.806
25.390000000000004
1.482
97.62599999999999
2.568
2.568
2.118
9.801
25.39
3.161
4.653
2.118
15.5
3.161
7.411999999999999
15.5
26.062999999999995
12.292000000000002
9.103
26.063
80.226
22.562
4.653
18.551
9.801
7.412
11.322
9.216999999999999
18.551000000000002
12.291999999999998
25.572
11.322
9.217
6.751
19.393
48.643
19.393
19.872999999999998
23.774000000000004
5.467
27.107
38.928
11.398
24.741
14.620999999999999
39.167
11.789000000000001
2.234
28.025
92.194
28.025
4.475
2.234
96.545
27.022
4.475
1.869
16.842
13.542000000000002
13.542
96.545
7.914999999999999
16.184
12.594000000000001
8.329
12.801
13.210999999999999
8.329
15.119
17.432000000000002
38.928
108.769
39.329
14.758999999999999
13.039
21.208000000000002
46.48499999999999
28.776
49.203
22.542
13.039
28.776
22.542
4.324
7.087
1.7720000000000002
14.998000000000001
7.087
7.121
46.564
57.161
27.924000000000003
4.422
10.629999999999999
7.57
4.422
7.57
44.869
4.838
17.381
3.292
46.031000000000006
38.550999999999995
5.808
45.776
46.031000000000006
27.676000000000002
70.036
40.19500000000001
20.244
19.775
24.444
20.244
35.173
25.286
12.685
14.882
35.173
15.582
27.806
12.685
21.104
6.063
35.845000000000006
7.6850000000000005
24.444
54.428
27.676000000000002
4.541
4.965
24.319
35.591
4.965
6.201
40.027
34.475
46.031
5.221
40.027
6.21
46.031
5.91
51.556
24.319
3.858
2.833
36.102000000000004
102.75300000000001
2.833
6.201
57.033
36.102000000000004
5.221
51.556
44.141000000000005
7.271
16.334
28.06
3.012
26.499000000000002
28.06
3.012
22.829
3.455
6.052
24.986000000000004
17.849
3.366
8.056
34.872
24.28
2.198
6.8420000000000005
6.751
8.056
2.198
1.779
3.532
6.8420000000000005
1.779
2.375
3.532
6.751
2.375
1.141
10.567
97.626
1.141
7.547000000000001
10.968
40.513
1.714
10.517
29.154
22.043
10.517
34.872
1.714
10.1
7.114000000000001
29.531000000000002
7.114000000000001
7.827999999999999
10.1
10.567
24.28
15.930000000000001
14.561
4.583
83.053
32.783
3.757
12.299
7.912000000000001
3.757
0.381
11.316999999999998
0.381
5.138
9.73
7.628
1.806
6.901
5.138
13.758
1.806
5.757
21.31
6.901
8.352
5.141
3.833
32.783
7.755
27.46
30.017999999999997
16.897
29.872999999999998
11.735
7.67
9.524
39.877
39.877
7.67
40.065
7.718
40.065
11.533
5.251
4.709
11.533
9.99
4.709
9.99
6.032
10.214
6.032
10.214
6.644
10.164
21.399
6.644
10.164
6.423
21.399
6.423
10.504
58.331
64.05799999999999
6.329
64.05799999999999
11.335
68.17699999999999
5.34
7.412
73.107
68.17699999999999
73.107
7.412
7.803
7.871
2.005
5.34
74.48100000000001
1.517
2.005
69.53
1.517
11.335
7.718
74.48100000000001
69.53
18.273
53.43000000000001
83.63900000000001
35.733000000000004
7.698
35.733000000000004
31.64
26.191000000000003
53.43000000000001
46.401
56.175
46.400999999999996
7.871
75.856
7.803
75.856
143.577
18.273
6.364
51.932
57.983000000000004
31.64
7.698
22.435
34.787
34.787
51.712
6.364
22.435000000000002
51.712
51.932
57.983
9.524
6.329
58.331
10.504
56.175
7.547
6.906
6.726
13.568
6.906
3.393
7.547
22.089
3.393
14.882
15.582
20.805
28.569000000000003
19.775
28.569000000000003
25.286
5.89
5.716
27.806
5.89
5.716
13.568000000000001
22.089
20.805
67.507
6.726
22.049
7.327
5.13
5.257
16.494
14.267000000000001
16.529999999999998
3.594
16.53
30.613
11.02
6.49
5.183
4.784
4.493
4.943
4.496
8.182
47.691
106.49000000000001
47.691
7.204
4.012
88.29100000000001
30.810000000000002
16.334
46.709
22.829
8.737
104.92900000000002
7.367
9.79
7.611000000000001
8.737
4.815
9.416
2.756
5.826
14.452
2.368
4.195
5.894
22.776
103.263
24.342
77.426
46.964
105.75199999999998
92.427
5.06
3.04
130.28
4.35
34.942
9.24
34.942
4.35
30.961999999999996
22.144
27.827
44.483000000000004
16.963
73.30799999999999
17.976
27.826999999999998
32.269
36.129999999999995
73.308
32.269
87.961
95.931
42.527
150.045
3.564
7.389
5.395
69.494
46.428
7.455
8.148
37.784
18.307
7.455
26.503
24.902
43.92499999999999
24.83
5.335
43.512
8.148
17.022
34.65
44.21999999999999
95.24900000000001
21.203
22.48
20.288
281.277
26.11
70.648
19.334
19.334
115.05899999999998
26.320999999999998
4.89
1.719
15.703
30.153
74.59400000000001
6.71
57.955999999999996
19.958000000000002
22.346999999999998
57.955999999999996
5.24
5.647
15.614999999999998
20.878999999999998
15.614999999999998
5.859
5.079
39.24999999999999
20.878999999999998
11.695
4.244
139.38
11.695
38.028
33.179
3.973
15.323
29.772
32.833
38.028
24.612
12.35
29.772
44.352000000000004
24.612
28.457
9.181000000000001
54.78
32.833
33.179
89.234
33.501
4.049
44.352000000000004
3.973
54.78
8.7
6.817
7.328
30.305
7.328
34.446
3.657
17.923
31.306999999999995
3.714
4.362
43.386
4.912
29.499
74.40299999999999
5.045
31.857999999999997
10.011
6.271
57.804
25.274
4.779
7.98
19.829
12.999
26.147
8.465
7.98
4.802
8.465
19.829
14.892999999999999
5.585
7.429
20.653
14.892999999999999
5.6
28.367
61.006
26.667
4.566
7.846
26.667
5.339
15.777000000000001
30.743000000000002
4.503
40.194
18.325
3.723
34.333
65.609
6.151
18.325
62.344
3.816
36.797
94.418
36.797000000000004
4.493
7.966
5.638
29.444
4.354
44.346000000000004
62.343999999999994
6.227
8.038
20.35
15.446000000000002
4.012
5.39
19.337
12.194
2.926
40.05
1.57
7.151
5.346
1.57
5.708
4.799
21.699
55.217
6.24
6.737
6.324
29.525
6.737
63.484
8.712
17.841
43.611000000000004
63.484
29.525
17.840999999999998
26.951
5.915
3.067
49.94
20.195
5.882
49.94
20.195
4.199
26.951
2.441
6.324
4.293
3.24
2.441
5.352
3.24
3.959
55.662000000000006
2.509
4.629
73.824
55.662
11.793
2.735
73.824
11.793
7.331
68.44800000000001
55.263999999999996
4.629
8.182
52.133
68.44800000000001
11.278
8.635
52.133
17.37
15.884
11.278
62.451
6.729
17.37
20.398
6.399
62.451
50.268
6.292
20.398
50.268
6.547
17.577
5.796
51.755
17.576999999999998
17.319
7.975
51.755
6.169
17.319
21.287
7.727
28.333
21.287
80.476
6.627
28.333
80.476
43.959
51.171
43.959
5.703
41.474999999999994
51.171
5.273
3.065
9.681
5.713
12.213
11.527999999999999
5.352
11.527999999999999
8.712
6.016
3.067
27.563000000000002
43.57299999999999
9.681
24.392999999999997
20.378
10.463000000000001
10.943
15.884
9.597
9.597
10.943
5.067
35.488
42.571999999999996
83.854
4.408
6.023
35.488
6.023
40.3
43.417
40.3
11.987
43.417
29.029000000000003
19.081
11.987
16.659
4.469
16.69
19.081
83.854
16.69
13.267
9.128
3.97
21.094
24.583000000000002
21.094
6.119
2.409
51.112
61.81699999999999
51.112
8.164
7.121
3.476
5.533
50.858
12.924
17.976000000000003
11.585
12.924
20.439
10.448
4.469
10.448
11.585
7.923
13.267
16.659
7.923
27.182
15.056999999999999
41.681999999999995
25.451
25.252
17.976
25.451
85.20599999999999
26.826999999999998
25.251999999999995
6.868
26.826999999999998
36.13
6.868
3.19
6.718
89.95800000000001
14.998
6.718
13.555
3.19
4.825
18.216
299.348
77.06
9.32
29.919000000000004
32.075
9.32
40.120000000000005
29.473
18.028
7.579
4.871
29.919
7.579
2.3
15.335
9.424999999999999
6.016
2.898
281.277
44.128
22.507
7.197
23.945999999999998
106.49000000000001
23.945999999999998
21.966
7.684
52.141
4.117
7.867
21.966
17.375
20.894
4.117
8.178
69.293
18.945999999999998
7.9559999999999995
20.894
17.375
70.18599999999999
20.064
57.959
18.713
31.663999999999994
14.213
15.066
5.596
18.713
10.876
15.066
5.273
13.48
10.876
14.525
13.48
5.273
18.15
14.525
5.596
14.213
18.15
8.656
4.695
17.676000000000002
4.695
17.676000000000002
34.327
8.773
15.469000000000001
15.469
6.372
19.580000000000002
10.911000000000001
5.533
35.237
19.580000000000002
4.793
75.169
35.236999999999995
4.323
19.473
75.169
5.821
18.33
37.826
3.165
71.31
16.644
0.84
2.958
37.826
18.33
32.263999999999996
4.331
14.625
4.893
1.945
33.644
7.714
62.099000000000004
44.436
10.247
4.211
6.557
20.35
35.182
6.557
5.672
1.486
93.96000000000001
8.038
1.486
17.435
18.944
3.341
8.244
65.609
15.35
19.99
16.254
8.787
70.123
34.75
7.351
12.138
10.31
43.91499999999999
12.138
14.919999999999998
10.31
6.959
14.92
36.003
4.692
24.168
36.003
34.150999999999996
4.871
80.028
29.473
22.426
3.308
9.129
39.462
12.708
7.584
22.775999999999996
44.136
2.368
4.809
3.57
4.604
6.918
21.31
17.066
4.028
18.232
3.833
7.755
18.232
21.894
17.066
30.017999999999997
27.46
4.417
41.669999999999995
4.879
41.669999999999995
3.8789999999999996
71.035
63.54900000000001
17.146
10.714
4.89
5.647
5.47
2.677
72.596
10.363
5.376
5.647
5.376
10.714
5.769
6.241
6.17
72.59599999999999
6.87
2.677
18.79
15.599
23.898
15.599
4.366
23.258
64.584
1.486
16.693
4.366
23.258
16.693
19.962
5.307
64.584
4.151
11.906
81.672
6.183
11.86
7.032
7.032
2.439
4.228
53.455999999999996
4.228
4.621
11.162
20.542
11.161999999999999
3.531
6.407
70.12299999999999
6.407
7.577
5.585
62.748
20.523
210.31
42.617
62.748
18.036
42.617
12.048
46.617
2.808
14.078
12.048
11.457
11.457
46.617
14.078
