1
231
1200
0
925
2
3
1
4
2
3
5
1744
621
91
636
1954
4
7
69
126
8
6
1144
7
9
1472
1169
8
123
1025
11
68
12
1662
68
10
590
11
67
65
1033
267
51
601
15
1568
605
16
14
602
17
1762
15
1011
469
16
19
214
22
20
18
216
1098
19
1070
22
34
961
215
21
18
49
24
1654
23
1004
26
1103
27
2209
25
1102
28
1104
26
29
27
976
1212
28
54
31
996
1001
32
30
1422
31
1423
2086
996
34
1082
1080
21
33
215
960
36
1627
1627
35
1108
1408
38
1405
39
37
1618
38
40
1810
41
1862
39
40
1796
1077
1619
1798
43
245
945
44
897
42
357
45
43
948
353
949
44
951
1554
47
1050
154
1872
46
155
972
304
1141
23
50
245
1120
920
49
1110
13
53
175
174
54
52
1951
781
29
785
53
56
770
977
774
55
1546
58
612
898
291
57
898
919
60
915
164
59
291
62
1644
1646
354
61
63
1866
1870
1867
62
1610
348
349
1074
1623
12
66
67
65
97
12
68
66
11
1661
10
67
70
6
538
71
69
1300
70
72
1337
73
1964
71
74
72
1303
534
73
558
76
233
889
886
75
866
391
83
405
80
81
79
574
1043
80
78
1441
1202
79
77
81
82
80
78
83
81
1202
288
82
77
85
200
1505
826
86
84
1714
824
85
424
88
90
89
87
1204
88
90
625
87
89
1164
621
1333
5
93
98
1280
1445
857
858
1994
92
95
1654
155
267
1050
94
1120
1654
2205
1623
97
1155
328
66
96
99
1993
92
1994
98
1567
1281
203
101
1331
842
841
102
100
517
498
101
104
1012
1006
105
178
103
106
104
927
650
107
929
105
657
930
106
108
109
850
653
107
108
851
1567
111
376
394
512
110
511
112
509
532
111
402
114
1007
442
402
1498
115
113
1717
397
114
401
397
401
398
398
118
1513
117
120
402
194
442
119
441
122
123
1169
443
439
121
124
9
121
125
123
1144
126
124
1144
127
6
125
128
134
126
129
134
127
129
128
138
131
1337
132
130
133
135
131
133
134
131
132
133
127
128
132
1113
1470
137
1113
1109
561
138
136
130
137
561
559
140
163
141
163
139
140
143
1013
142
146
179
558
145
315
1306
146
144
147
145
143
148
146
269
149
147
269
150
1307
148
149
312
151
268
152
150
1625
151
1012
1613
208
824
47
155
1141
94
47
154
1654
823
157
363
158
1497
1329
156
159
157
2173
160
158
390
161
810
159
160
371
163
558
192
2148
162
139
140
165
906
60
164
906
166
915
167
776
165
166
168
782
169
755
167
170
168
1072
171
784
169
172
170
1485
173
765
171
174
2179
172
2178
52
781
173
780
176
52
786
1952
175
1951
177
1686
1684
176
1145
179
614
104
178
312
143
537
181
1390
202
182
180
314
314
183
181
184
182
387
185
183
313
186
184
549
187
845
185
549
266
186
548
268
189
191
1979
190
192
188
189
192
188
2147
162
191
189
620
1440
642
119
196
910
888
197
917
195
916
912
196
911
198
1583
199
197
1710
914
200
198
84
1384
199
202
548
829
1656
508
180
549
201
204
100
1701
1331
1172
203
205
266
206
204
266
205
207
236
504
234
208
206
234
207
153
832
210
833
211
836
209
854
210
212
213
211
615
313
855
212
216
18
215
34
22
214
1080
19
214
218
477
217
237
220
340
223
221
222
219
341
222
224
220
223
221
220
894
222
219
1375
226
221
225
224
224
1139
1391
756
229
1137
1140
230
228
1017
795
229
1226
232
628
0
233
892
231
891
232
426
75
207
208
659
235
236
1982
234
513
235
829
206
238
218
1067
237
447
998
240
997
310
239
1128
583
242
639
243
582
241
1116
581
242
611
1980
581
357
42
49
247
1106
1574
248
246
247
249
676
1210
248
689
251
940
922
252
250
899
900
251
253
935
295
340
252
255
261
1657
254
1551
256
260
257
255
385
1216
1217
256
372
1215
259
818
389
817
258
261
1552
385
255
262
260
254
261
263
264
262
265
263
1633
264
1657
187
204
1331
205
13
921
94
151
188
269
148
147
268
271
283
285
1040
270
764
273
434
476
276
274
272
275
273
1189
274
277
278
273
276
1189
1188
276
1315
1314
281
1246
280
1044
767
285
279
1044
279
282
1458
281
284
1184
270
1246
283
285
284
270
280
565
1198
641
288
306
446
577
287
305
83
1849
973
1298
972
1464
905
291
301
919
60
290
58
1301
311
430
950
1453
1459
953
295
907
899
294
253
1110
297
1960
666
298
308
296
297
299
2092
300
2093
298
1453
299
1130
302
290
1709
301
565
1464
1960
2100
2097
48
306
288
978
287
445
305
308
309
307
297
672
308
668
2094
1057
1801
240
1198
292
661
150
179
1012
314
184
213
182
181
313
617
316
144
1013
317
1489
315
617
316
1308
319
700
1330
2031
2030
320
318
321
728
319
322
320
1722
1691
321
1718
323
1594
1593
324
322
325
2028
1594
323
324
750
738
327
1433
1655
1156
2025
326
1155
328
97
1946
327
330
1330
700
733
732
331
329
733
330
691
333
1119
1736
332
749
750
335
342
337
336
1418
334
337
690
335
334
336
1350
1097
339
1118
1518
2045
338
341
942
253
219
340
220
941
343
1350
334
342
344
1432
345
1419
343
344
1035
1430
1746
2026
347
1692
1258
740
346
349
1209
64
64
1221
348
351
352
2161
350
351
584
1822
44
2185
62
1815
355
1816
2186
356
354
1680
1231
355
358
43
245
896
357
360
1678
361
1299
359
1499
362
359
377
383
361
377
364
156
1329
1633
1657
363
366
1579
382
374
365
818
368
1054
1198
1707
1051
367
613
1390
370
384
377
369
384
390
161
373
257
396
372
382
366
375
544
374
386
110
512
361
362
370
893
379
1505
1384
893
380
378
1584
1583
913
379
860
393
863
365
374
532
384
362
619
383
370
369
256
260
396
394
376
387
1629
388
183
386
387
259
1218
815
1215
159
1329
371
392
885
76
393
391
862
861
392
863
381
110
386
1630
1218
1217
396
1218
372
385
395
1512
115
116
399
117
116
400
398
398
1716
402
115
116
113
114
119
401
586
590
404
591
403
586
406
77
793
410
1226
405
763
412
763
411
413
409
1039
410
408
413
412
406
409
414
407
412
407
410
411
408
409
414
413
411
767
416
744
1591
1746
418
415
417
2150
416
1687
416
419
1687
1692
1688
421
418
2157
422
421
1688
2157
420
419
423
420
1687
422
2150
1690
1199
87
425
1972
426
424
233
890
425
892
1790
428
1121
957
1791
427
430
292
431
429
432
1301
430
431
434
477
475
433
272
1316
1038
436
1037
1448
435
1312
1138
438
1460
1205
437
795
122
441
1492
120
440
1007
113
120
122
444
1170
443
446
573
306
1202
577
445
287
239
448
2103
1136
1141
447
1872
450
1084
590
586
449
1617
2061
1758
1757
464
466
466
465
1758
454
1160
1817
453
455
454
463
457
1413
1160
461
456
1802
1803
459
1680
1683
458
1817
1142
461
462
1413
456
460
462
1159
461
460
464
1758
455
587
463
1413
451
452
1760
589
467
452
589
451
466
1757
1930
1525
478
1035
1449
17
474
471
759
1270
472
760
470
1071
473
471
1949
1066
472
1949
475
469
1446
1476
476
474
434
272
1312
475
434
217
1135
479
1318
468
480
1524
478
481
479
1318
1829
480
482
1836
1829
600
481
592
484
1974
486
486
485
483
564
861
500
484
484
501
483
1974
491
860
489
497
494
488
837
490
489
494
493
487
501
500
879
564
2187
837
490
499
490
488
1974
496
828
1049
837
495
497
849
1995
496
488
499
828
102
498
493
505
517
501
491
485
486
500
491
503
1578
1296
510
502
509
207
1702
1172
506
516
499
505
508
202
1629
507
2172
503
510
112
509
503
511
518
111
510
1955
376
111
533
236
1704
1982
1703
515
545
518
514
517
827
505
102
516
499
1702
515
510
2163
520
652
651
521
655
519
1560
520
522
523
521
1283
522
524
1561
525
1277
523
1276
526
1973
524
525
527
1973
528
665
526
529
527
1971
530
1744
528
529
531
665
636
530
1376
533
382
112
532
544
512
535
542
74
543
534
536
537
535
544
180
536
1490
539
69
542
540
1998
538
541
539
1305
540
542
1304
534
538
541
535
533
536
374
546
557
514
556
547
1703
545
556
546
557
549
187
201
185
186
548
202
551
552
1296
550
807
553
551
806
554
552
1295
555
553
1286
554
547
557
546
2165
545
556
547
162
144
74
139
560
1109
559
137
138
1337
563
936
565
1706
878
562
485
1614
492
302
286
562
572
568
570
568
569
1327
576
567
566
567
1782
566
574
1464
572
566
1326
571
445
575
78
570
574
577
568
1967
576
578
446
287
577
580
1335
579
1987
582
244
1981
243
581
583
242
241
582
646
585
1623
352
1112
589
584
2156
450
403
404
464
1757
588
1802
591
587
466
465
585
403
449
12
1662
1157
404
588
593
482
600
1540
594
1274
592
595
593
597
596
594
1540
595
1536
597
598
596
594
1537
599
597
1528
1838
1476
598
1036
592
482
602
604
14
601
1011
15
604
604
1011
603
601
602
15
606
1747
605
608
989
647
643
607
1181
610
647
1008
1980
1980
609
1988
611
646
610
244
613
877
1709
57
1707
612
368
615
990
178
2139
614
616
212
617
1308
615
616
317
618
314
1491
619
617
383
618
1491
635
193
642
622
5
91
623
1711
621
624
622
1712
625
623
1713
90
624
1954
1968
627
1445
857
628
1745
626
231
925
627
891
630
1008
987
2194
629
2193
631
632
1467
630
631
633
1181
634
632
662
635
1985
633
986
986
634
620
979
531
637
5
1564
638
1989
1376
636
639
637
1275
638
1005
241
641
1174
978
286
640
1197
649
193
620
644
608
1959
660
643
645
644
1563
611
583
2190
609
2189
607
1180
1465
649
1182
642
663
1466
648
651
105
657
658
519
650
664
656
653
519
655
1567
108
652
656
655
1566
654
520
652
652
657
653
650
106
656
650
664
1558
234
1982
1378
644
311
1181
1180
633
649
651
1558
658
527
530
1376
667
673
296
1319
673
666
672
309
670
1121
1058
671
1806
669
670
1122
673
309
668
667
671
1807
666
675
1351
1345
1346
1351
674
1018
1420
249
678
718
684
2018
2020
679
677
1042
681
678
1322
681
1939
1429
1450
1338
680
685
679
683
1023
1022
682
684
751
677
2016
683
686
1429
681
685
1940
687
1338
688
1933
686
689
1429
687
688
1582
249
1417
1361
336
692
331
693
1148
1262
691
1370
2149
691
729
695
699
2200
696
694
2199
697
695
1444
698
1977
696
699
1247
697
1249
694
698
701
329
318
1416
702
700
703
2029
2012
701
704
702
1508
705
703
2013
2021
704
1601
706
1032
705
715
708
1362
1632
1437
1648
1622
1437
707
710
711
709
737
712
735
710
711
1048
714
1655
1574
1112
713
1156
2119
716
706
1032
717
2015
2014
715
718
716
1588
727
717
726
677
720
1105
1112
719
722
1442
734
1253
2150
721
724
1586
2005
725
1267
723
1259
2010
724
2007
718
2159
2016
718
1191
2018
2015
1263
320
2067
730
694
1373
731
729
2002
2001
730
330
2151
1416
330
2030
1330
331
721
746
745
1206
1649
711
737
736
710
1977
739
749
325
740
1443
738
739
741
347
742
754
740
743
741
748
744
742
748
745
415
743
744
734
2150
1251
747
734
748
1252
746
743
742
747
333
1517
738
325
2110
333
752
683
1269
751
753
1268
1152
2158
752
1592
1591
741
1072
1073
168
1636
1638
227
758
1145
1684
1628
1145
757
760
1056
470
759
761
471
762
1948
760
1014
761
1391
764
406
407
1225
271
763
1225
766
172
773
765
768
791
280
1225
414
771
769
766
785
770
768
789
55
790
769
1546
772
767
1315
1044
771
785
781
765
792
56
775
924
938
774
784
777
166
2000
778
776
796
779
777
939
940
778
940
915
174
2180
786
2177
773
174
53
2000
783
167
784
796
782
775
783
170
791
768
790
54
773
1952
787
780
175
788
1389
786
787
1480
1479
792
791
769
1545
977
770
785
789
784
766
774
789
1545
794
405
1017
795
1464
793
438
794
230
777
783
924
798
813
799
797
1287
800
798
813
801
799
1288
802
800
1287
801
803
1288
804
1290
802
803
805
1289
806
804
1295
552
805
1297
1291
552
1296
809
1500
1213
1332
823
808
160
810
812
1288
814
811
797
799
815
811
1218
814
816
389
817
1289
815
1292
259
816
818
1579
819
366
817
258
818
1294
820
1299
1215
821
819
822
1216
820
1553
1551
821
156
809
1213
1565
153
86
826
85
825
914
516
839
495
498
1630
201
236
831
834
839
843
832
833
830
209
835
831
844
834
209
831
830
833
1049
832
836
843
210
846
835
495
493
489
839
843
841
840
838
830
828
839
101
838
845
101
1702
1701
831
835
838
833
854
847
1331
841
186
836
848
844
850
849
847
851
1049
848
852
496
108
847
930
852
848
109
853
849
851
1996
852
931
211
856
844
213
854
93
865
626
859
1997
93
865
864
858
882
861
487
381
392
866
485
860
863
864
392
862
381
393
859
1991
862
859
883
857
76
867
861
879
868
866
869
881
867
889
868
870
871
2187
869
1053
872
870
873
1052
2187
871
872
874
2126
875
1051
873
874
876
2127
2134
877
875
612
878
876
904
877
563
880
867
492
879
868
883
859
885
884
882
865
885
883
886
884
882
391
76
891
884
888
895
918
917
909
195
887
890
869
75
1053
889
426
1705
232
628
886
1972
232
426
1200
1585
379
1577
378
895
1584
222
894
936
1634
887
357
43
948
944
58
57
919
251
937
294
934
940
901
251
915
902
900
903
909
901
904
902
910
919
1706
903
878
290
906
1203
165
1224
905
164
294
937
1111
1033
910
916
1706
910
888
902
908
195
909
903
197
916
914
1230
913
1583
197
917
912
918
380
199
911
826
901
59
165
779
196
911
908
918
912
196
888
917
887
913
59
898
903
291
921
50
1120
2205
920
267
1110
923
250
1034
2171
922
938
924
775
796
923
926
1
628
1745
925
928
1976
105
929
1975
927
928
106
930
1117
107
850
929
854
1121
933
1122
1122
993
932
935
900
936
934
252
1635
934
562
895
1034
899
938
907
923
1034
937
775
778
900
779
778
250
942
341
944
943
941
945
340
942
945
941
897
946
944
42
942
945
948
44
949
947
897
45
948
1459
973
293
952
45
953
953
951
956
952
951
293
955
1293
954
1298
952
958
428
1694
1572
959
957
1790
958
1079
961
35
2083
1108
21
960
1107
965
963
1098
1403
964
1081
962
968
1570
963
1405
962
966
967
965
1618
968
1161
966
969
967
964
1620
968
970
1620
971
1571
969
1570
1083
1694
1695
970
48
2214
2213
289
289
950
1293
1100
1212
1111
975
974
28
1111
790
55
640
305
1010
980
635
984
979
983
981
1693
980
983
984
980
982
1010
983
985
979
1009
987
986
984
985
635
1984
634
985
1009
629
1115
1116
1979
1625
607
2143
614
2140
991
992
2145
2141
990
2142
991
2144
1489
994
1320
933
1809
995
993
996
994
30
995
1421
32
1136
1127
239
1626
2103
999
239
2073
1323
1000
998
2073
1001
999
30
2074
1000
1003
1146
1626
1132
1131
1004
1002
25
2167
2209
1003
1006
639
1116
103
1005
1625
442
113
1495
629
2195
2194
609
1010
984
987
1009
978
983
17
604
602
312
152
103
143
1488
315
762
1015
1140
1016
1038
1014
1017
1228
1015
1227
793
229
1016
1019
1420
676
1658
1580
1018
1020
1450
1019
1321
1022
1266
1207
1021
1207
1023
682
1024
682
1022
1438
1622
1023
1026
1660
10
1025
1265
1027
1028
2154
1026
1029
2023
1027
2022
1028
2152
1030
1031
1509
1029
1032
2021
1030
2017
1031
715
706
907
13
1241
937
938
922
468
345
1568
1835
600
1037
1271
435
1036
1039
435
1015
408
1314
1038
1412
1041
271
1043
1040
1186
1045
679
1322
78
1624
1041
280
771
279
1046
1321
1042
1047
2117
2115
1045
1048
1046
2118
713
2119
1047
834
848
495
94
46
1238
1052
1054
874
368
872
1051
1053
871
1705
889
1052
1051
1705
367
1743
1056
1208
759
1741
1055
1402
1070
310
1059
669
1061
1069
1060
1058
1061
1785
1059
1060
1058
1786
1784
1799
1123
1796
1064
1063
1526
1069
1125
1066
1316
473
1065
237
1069
1059
1064
1068
1070
20
1057
1316
471
1317
169
1611
755
755
1075
65
1076
1074
1075
1078
1795
41
1079
1077
1795
1078
959
1787
216
1099
33
963
1099
1098
1083
33
1695
1082
971
1107
2061
449
2062
1085
2058
2063
1086
1084
2057
1087
1085
1510
2056
1088
2069
1086
2055
1089
2068
1087
2064
2054
1090
1088
1091
2067
1089
1092
2053
1090
2036
1093
2037
1091
2052
1094
2038
1092
2051
2039
1093
2050
1095
2041
2048
1096
1094
2047
2042
1097
1095
338
2045
2043
1096
1081
962
1402
20
1080
1162
1081
1101
974
1104
1965
1100
2113
1102
1103
26
1101
2207
1239
1102
25
1100
2114
27
720
1576
1106
246
1575
1105
1574
1108
1083
961
1107
36
1809
960
559
136
1113
1965
50
921
295
977
907
974
720
1155
585
714
1109
136
135
1115
1175
1163
987
1177
1114
243
988
1005
930
1119
338
1516
332
1118
1728
49
920
95
932
669
427
933
932
671
1124
1794
1062
1125
1123
1526
1124
1126
1064
1784
1125
997
1682
1128
240
1811
1127
1130
1325
2105
1129
300
2104
1323
1003
1003
1136
2167
1134
1135
1473
1133
477
1475
1134
1474
997
447
1132
1138
1385
228
437
1481
1137
1950
1140
227
228
1014
1139
1385
48
154
448
1143
1555
459
1680
2182
1142
1861
125
124
7
1146
177
758
757
1628
1002
1145
1965
2211
692
1601
2158
1150
1269
1154
1268
1151
1149
1153
1150
1152
1151
753
1255
1154
1589
1151
1153
1149
2010
1156
327
96
1112
1155
714
326
591
1158
2160
1157
1160
462
1860
1859
1159
456
453
1618
967
1619
1695
1570
1099
1164
1114
1179
90
1204
1163
1166
1167
1466
1165
1182
1168
1166
1167
1170
121
9
1171
1499
1169
443
1553
1495
1170
1173
1701
204
504
1172
1179
1178
640
1176
1178
1114
1175
1115
1179
1175
1174
1163
1178
1174
662
648
1469
608
662
632
1167
1465
1183
648
1182
1185
1653
283
1653
1184
1186
1041
1185
1624
1188
1187
277
1189
1778
1190
274
277
1188
1189
1192
1946
727
1191
1265
1264
1588
1195
1284
1541
1194
1197
1229
1204
1196
641
1244
367
1243
311
286
1200
424
1972
0
1199
1954
892
1359
1361
446
82
79
1328
1326
905
89
1196
1164
438
1207
735
2204
1021
1022
1206
2204
1055
1360
348
1358
1211
1220
249
1210
974
29
2125
1214
808
823
1213
1633
1502
258
820
1216
389
1217
1215
257
821
395
1216
257
396
395
814
389
1220
1219
1210
1222
1222
1379
349
1220
1221
1223
1222
906
767
763
764
230
1227
406
1016
1850
1226
1016
1196
2137
1230
2137
911
1229
1683
1684
1685
356
1553
1233
1310
1234
1471
1232
1235
1953
1233
1236
1679
1234
1235
1238
1050
1241
1237
1240
1240
1554
1103
2207
1238
1239
1554
1033
1238
1242
1241
1198
1197
1677
279
284
1458
1248
1443
698
1249
1249
1252
1247
699
1248
2001
1247
1251
1373
1372
746
1250
2002
2003
1248
1443
2001
747
722
1254
1256
1253
1152
1415
1256
1255
1257
1253
1257
1256
2028
2026
347
1260
724
1266
1259
2010
1261
2197
1260
692
728
1660
1192
1659
1026
1660
1192
2022
1259
1586
1021
724
1367
1368
1150
1269
752
751
1268
1149
470
1037
1312
1273
1313
1272
593
1557
1376
1276
638
524
1282
1275
1278
524
1970
1277
1279
1283
1280
1278
1970
1562
1279
92
99
1276
1562
523
1278
1556
1340
1194
1290
1294
1286
554
1285
1287
1286
801
798
811
800
802
816
1290
804
1285
1289
803
1579
807
1292
1297
816
1291
973
955
1298
819
1472
1285
553
805
1297
807
551
502
1292
806
1295
1293
955
289
360
1472
819
70
1302
292
431
1301
73
541
540
145
149
616
1309
2139
317
1308
1311
1499
1232
1310
1272
476
436
1314
1487
1272
1313
278
1039
1778
771
278
1071
435
1065
1318
1947
1071
1317
478
480
1320
667
2101
1319
993
1421
1322
1020
1420
1045
1042
679
1321
1324
999
1130
2103
1323
1325
2106
1129
2106
1324
1327
572
1542
1203
567
1326
1542
1203
1412
157
1496
363
390
318
329
733
845
100
266
203
809
1334
1336
91
1713
1333
1564
1335
579
1713
1334
1336
1333
561
71
130
1941
681
1339
686
1937
1938
1338
1345
1284
1677
1869
1866
1342
1541
1555
1341
1556
1515
1344
1514
1345
1343
1346
1340
674
1344
1347
1344
675
1522
1348
1346
1349
1347
1522
1348
1350
1523
342
337
1349
1677
674
675
1353
1613
2215
1696
1352
1354
1377
1355
1353
1354
1585
1357
1380
1631
1358
1356
1379
1209
1361
1357
1631
1201
1209
1361
1520
690
1201
1360
1358
1363
1622
707
1364
1621
1362
1439
1365
1363
1621
1366
1935
1364
1365
1382
1632
1371
1368
1267
1369
1267
1367
1368
2009
1370
693
2149
2006
1369
1372
2003
1367
2005
1250
1607
1371
729
2002
1250
2203
1933
223
1635
1634
1275
637
531
665
1616
1353
1565
1615
1613
659
1357
1221
1932
1381
1631
1356
1380
1647
1383
1366
1647
1382
1651
1505
378
200
1710
1386
1140
1137
1387
1385
1544
1478
1386
1388
1389
1387
1543
1641
1388
787
369
1490
180
1950
762
227
1393
1400
1399
1394
1401
1392
1399
1395
1403
1393
1399
1396
1404
1394
1399
1406
1395
1399
1397
1409
1398
1396
1399
1410
1399
1397
1392
1393
1394
1395
1396
1397
1800
1398
1401
1392
2124
1402
1403
1393
1400
1401
1057
1098
1404
1394
1401
962
1406
1395
1403
1405
965
37
1404
1407
1396
1404
1409
1406
1408
1411
37
1411
1407
1397
1410
1406
1398
1409
1408
1407
1547
1040
1328
464
460
456
1416
1415
1414
1255
1414
701
732
2012
690
335
344
676
1018
1321
2117
996
1320
2169
1423
31
2085
2077
32
2081
1422
1425
1428
2088
1424
1426
2087
1427
2081
1425
1426
1428
2082
2086
1424
2083
1427
2082
688
685
1582
680
345
1946
343
1944
326
1434
2025
1435
1433
1436
1434
1435
1647
1632
707
1934
708
1439
1652
1024
1622
1438
1363
193
79
2149
721
2003
1252
739
1247
697
1969
92
626
1447
474
1449
1839
1448
1446
436
1447
1476
1838
1752
1446
469
1943
1020
1581
680
1453
1452
1454
1451
1451
293
300
1451
1456
1457
1781
1455
1458
1780
1456
1457
281
1246
293
949
1700
1461
437
1611
1460
1486
1482
1611
1740
1739
1463
1743
1462
290
570
794
302
1182
648
1466
1465
1166
649
631
1469
1180
1468
1956
135
1233
8
1299
1294
1134
1135
1135
475
1448
599
1480
1966
1483
1387
1486
1486
1480
788
788
1477
1479
1138
1484
1483
1461
1477
1485
1482
1485
1966
1482
1484
171
1483
1479
1461
1966
1478
1313
1013
2145
2144
316
992
2144
2142
1491
537
1390
618
619
1490
1494
441
1495
1493
1492
1492
1007
1492
1171
1329
157
114
1310
1170
360
1501
1500
808
1502
1503
1500
1503
1214
1501
1502
1501
1504
1503
1715
1384
84
378
1507
1599
1598
1508
1596
1506
1595
1507
703
1510
1030
2021
1510
2152
1508
1509
1086
2064
1599
2067
397
117
1343
1609
1610
1343
1517
1118
1518
1516
1724
749
1519
1516
339
1518
1878
1521
1360
1520
1347
1348
1905
1898
1349
1901
1525
1825
479
1831
1524
1827
468
1527
1124
1064
1526
1529
598
1838
1530
1537
1528
1533
1531
1529
1532
1530
1533
1531
1538
1532
1534
1529
1535
1539
1533
1536
1534
1539
596
1535
1537
597
1536
1529
1532
1540
1535
1534
1539
592
595
1194
1341
1556
1543
1327
1326
1544
1542
1388
1950
1543
1386
792
1546
789
1545
770
56
1548
1411
1799
1549
1783
1547
1548
1550
1783
1549
255
822
1953
260
1232
822
1171
46
1872
1239
1240
1142
1861
1342
1541
1342
1284
1561
1275
1559
658
664
1559
1560
1558
1557
1559
520
1561
1557
523
1560
1566
1283
1280
646
1564
1989
1988
1334
636
1563
824
1377
1614
1714
1562
654
1996
653
109
99
14
1035
1569
1569
1568
1162
964
970
1572
970
1694
958
2168
1571
1574
246
1573
714
1106
1106
1105
893
502
1291
365
817
1581
1019
1582
1582
1450
1580
1942
1429
689
1581
1580
380
1710
198
912
2170
380
894
893
1715
1355
1587
1266
2204
723
1586
717
2014
1193
2159
1590
1153
2007
1589
1592
415
754
1746
1591
754
323
2026
1691
323
1718
324
1507
1507
1598
1506
1597
2068
1600
1506
1511
1599
705
2013
1148
2014
1604
1603
1606
1675
1676
1602
1605
1602
1606
1604
1605
1602
2012
2005
1372
2203
1608
1607
1514
1738
1737
1514
64
1612
1460
1461
1072
1611
153
1614
1378
1352
1565
564
1613
1616
2218
1378
1696
1615
1377
450
38
966
1161
1620
1161
41
968
1619
969
1937
1364
1363
708
1439
1362
1024
96
584
65
1186
1653
1043
1006
988
152
1628
1002
997
2086
35
36
1626
1146
758
1682
1656
1704
386
508
1955
394
829
1704
1359
1356
1380
1437
707
1366
1214
265
364
1375
1635
895
1375
1634
935
1646
756
1638
1637
1948
1742
1636
756
1636
1640
1642
1640
1686
1644
1638
1645
1639
1644
1824
1642
1389
1645
2174
1638
1641
1644
1814
1815
1640
1643
61
1639
1640
1642
2175
1636
61
1742
1437
1382
1383
1649
708
735
1648
1651
1650
1933
1383
1438
1184
1185
1624
94
23
155
95
326
1944
713
1629
1704
201
265
254
364
1953
1018
2121
2120
1264
1264
1025
1661
1265
68
2024
1660
11
590
2154
1664
1675
1674
1722
1663
1665
1666
1664
1719
1665
1668
1672
1669
1667
1671
1668
1670
1723
1673
1669
1671
1672
1668
1670
1671
1667
1721
1670
1674
1720
1723
1663
1673
1603
1663
1722
1603
1245
1351
1340
359
1235
1681
356
458
1142
1680
2184
2186
1628
1127
1683
1231
458
1682
757
1231
177
1814
1231
1816
1639
1814
2175
177
417
422
418
1689
418
2157
420
1688
1690
1692
1691
1689
423
1690
322
2030
1593
1689
346
418
980
971
1571
957
971
1082
1162
1697
1616
1352
1698
1696
2216
1697
1699
2215
1698
1459
203
1172
842
517
842
504
1955
513
546
1656
1629
1630
513
1053
890
1054
563
904
908
1708
613
367
1709
1707
612
301
1707
199
1583
1384
622
623
1333
1335
624
86
1715
1565
1585
1505
1714
401
115
322
2111
1719
1594
1666
1720
1718
1730
1673
1719
1672
1736
2109
1675
1664
321
1674
1669
2034
1725
1729
1517
2109
1724
1726
1727
1725
2109
1728
1726
1119
1727
1729
1724
1731
2004
1720
1735
1730
1733
1732
1731
1733
2004
1734
1732
1731
1735
1733
2004
1736
1734
1730
1735
332
1721
1610
1610
1462
1462
1741
1823
1869
1742
1056
1740
1646
1741
1637
1055
1463
1745
529
4
627
1744
925
1968
346
415
1592
1748
1751
605
1749
1755
1747
1748
1750
1755
1749
1747
1753
1449
1852
1752
1840
1854
1851
1756
1772
1748
1749
1755
451
467
587
1759
451
463
452
1758
1822
1821
1761
1822
465
1760
16
1764
1765
1763
1767
1764
1847
1766
1765
1768
1774
1764
1769
1773
1767
1770
1768
1774
1769
1771
1775
1772
1770
1755
1771
1768
1775
1767
1769
1776
1777
1774
1770
1776
1775
1775
1315
1779
1188
1778
1457
1456
570
1549
1799
1548
1126
1061
1060
1061
1789
1788
1079
1787
1790
1787
1793
427
1789
959
428
1792
1791
1789
1123
1078
1077
1797
1062
41
1795
41
1547
1783
1062
1399
310
1803
588
457
1804
457
1805
1802
1803
1803
670
1808
673
2101
1807
2086
993
1108
39
1812
1128
1813
1811
1811
1643
1686
1685
354
1816
1643
355
1685
1815
1823
453
459
1819
1923
1823
1818
1820
1925
1821
1921
1819
1922
1926
1820
1759
1760
352
1759
1818
1740
1817
1641
1826
1830
1524
1825
1833
1828
1525
1829
1834
1827
482
1828
481
1834
1825
1525
1832
1833
1832
1831
1827
1834
1831
1828
1829
1833
1036
1947
1836
1837
481
1835
1836
1947
599
1448
1528
1447
1754
1841
1852
1858
1842
1843
1845
1840
1841
1844
1845
1841
1843
1846
1843
1841
1845
1848
1857
1765
1847
1856
288
1227
1853
1852
1754
1752
1851
1840
1851
1856
1855
1754
1854
1848
1854
1847
1840
1159
1159
1555
1143
1870
1863
1864
40
1862
1865
1862
1864
1867
1341
63
1868
1869
1866
63
1867
1341
2181
1867
1740
63
2183
1861
2183
2185
2184
448
1554
47
1875
1914
1874
1873
1873
1876
1895
1875
1878
1520
1880
1877
1880
1878
1879
1882
1882
1880
1881
1884
1884
1885
1882
1883
1886
1884
1884
1915
1914
1888
1914
1887
1895
1890
1893
1892
1891
1889
1890
1890
1905
1903
1894
1890
1896
1895
1893
1897
1894
1888
1875
1893
1894
1906
1901
1523
1900
1908
1899
1907
1523
1898
1903
1916
1902
1892
1905
1892
1904
1522
1898
1911
1912
1913
1900
1900
1911
1909
1908
1911
1906
1908
1910
1906
1906
1873
1888
1886
1886
1903
1919
1918
1931
1929
1917
1920
1917
1930
1919
1820
1820
1930
1924
1818
1923
1819
1927
1928
1821
1926
1926
1917
1919
1923
467
1917
1379
1651
687
1374
1437
1365
1937
1621
1936
1339
1339
680
686
1338
1581
1450
1655
1433
1945
2115
1944
328
2025
1191
1431
1835
1317
1837
1949
1637
761
473
472
1948
1139
1391
1544
176
53
2176
786
176
2175
1657
1234
1551
1200
625
5
1703
1630
511
1958
1957
1469
1956
1956
1959
643
1961
303
296
1962
2095
1960
1963
2098
1961
1962
72
1110
1100
1147
1484
1486
1477
576
626
1970
1973
1745
1445
1968
1279
1277
528
425
892
1199
1968
525
526
494
487
483
928
927
2112
737
697
1979
1978
188
988
2188
610
609
244
581
235
1983
513
659
1982
986
634
1987
1988
1986
580
610
1563
1987
1990
637
1563
1989
1992
1995
1997
864
1993
1995
1991
1994
98
1992
1996
1992
98
93
1997
1992
1991
497
852
1567
1993
1991
1994
858
539
2000
782
1999
776
1249
730
1252
1251
1373
730
1371
1442
1251
1730
1734
1732
1371
1607
723
1370
2008
2009
725
1589
2009
2006
1369
2007
2006
2011
1260
725
1154
2009
702
1416
1606
2013
704
1601
2012
716
1588
1601
716
727
2017
726
684
2158
1031
2015
2022
678
2019
727
2018
678
1509
1031
704
1028
1265
2017
1028
2154
2152
1661
1946
327
1433
346
1593
1258
2028
1258
324
2027
702
319
733
1691
319
2033
2039
2035
2032
2034
2066
2035
1723
2033
2032
2034
2038
1091
2067
2037
2038
1092
2036
2037
1093
2035
2040
2032
1094
2041
2039
2066
2040
1095
2042
1096
2046
2043
2041
2044
1097
2042
2043
1097
2047
339
2042
1096
2048
2045
2049
1095
2047
2050
2070
2048
2051
1094
2049
2052
1093
2050
2053
1092
2051
2052
1091
2054
1089
2055
2053
2056
1088
2054
1087
2055
2057
1086
2058
2056
2059
1085
2057
2058
2060
2061
2059
1084
450
2059
1084
1085
2068
1089
1511
2066
2040
2065
2033
1090
2036
1511
728
2064
1088
1598
1087
2072
2049
2071
2070
2070
1000
2074
998
2080
1001
2075
2073
2074
2076
2077
2075
2078
2075
1422
2079
2077
2090
2089
2080
2078
2073
2079
2090
1426
1423
2082
1428
2081
1427
960
2084
1428
2083
1422
1809
1627
1428
32
2088
1425
2089
2087
1424
2089
2079
2088
2087
2091
2080
2078
2090
298
299
309
2096
2097
1961
2095
303
2098
2095
2099
2097
1962
2098
2102
2101
303
1807
2100
1319
2100
998
1323
447
1130
2106
2107
1129
2105
1324
2169
1325
2108
2169
2105
2107
1726
1721
1725
750
1718
1977
1101
1104
1046
2116
1944
2115
2118
1046
1420
2119
1047
2117
2123
2122
2118
1048
714
1658
1658
2119
2118
1400
1212
873
2128
875
2133
2129
2133
2127
2130
2128
2132
2131
2129
2132
2130
2129
2133
2130
2128
2127
2132
876
2135
2136
2134
2134
1229
1230
2138
2137
615
2140
1308
990
2141
2139
991
2142
2140
992
1489
2141
990
2146
2145
992
1488
1489
1488
991
2143
2143
191
163
693
1370
1442
423
417
745
722
732
1029
2153
2023
1509
2152
1027
2155
1662
2023
2154
586
1688
419
421
2016
1148
753
726
1588
2211
1157
351
2163
2165
518
2162
2165
2163
557
2164
2167
1004
1132
2166
1572
2107
1421
2106
1584
923
509
158
1642
1686
1952
1645
1951
781
173
173
780
1869
2184
1143
2183
1870
1871
2182
1681
2182
1871
1871
354
2186
355
2185
1681
492
872
870
2192
1980
2190
647
2196
2194
647
2191
2188
2190
2188
630
1008
630
2189
1008
2189
1260
2199
696
2198
2201
2201
2203
695
2202
2199
2200
2201
1607
1373
2200
1207
1206
1586
921
95
2206
2205
1240
2208
1102
2207
1004
2210
26
2209
1148
2212
2159
2211
972
972
2216
1698
1352
2217
2215
1697
2216
2219
2221
1615
2222
2218
2220
2219
2218
2219
